0.7191744446754456
0.837295413017273
0.5573331117630005
0.4919019639492035
0.4819362163543701
0.6930903792381287
0.6253383159637451
0.3798914849758148
0.6548572182655334
0.5056298971176147
0.48556581139564514
0.7382897734642029
0.5734876990318298
0.571434497833252
0.4910683333873749
0.8157268762588501
0.5783854722976685
0.3664758801460266
0.6555192470550537
0.5045942664146423
0.5633072853088379
0.6377888321876526
0.578738272190094
0.5039477944374084
0.6755593419075012
0.8232683539390564
0.6570239663124084
0.7153039574623108
0.5501206517219543
0.32138535380363464
0.4838956892490387
0.5685122013092041
0.4346559941768646
0.4740281105041504
0.7004020810127258
0.5393598079681396
0.41083285212516785
0.7613598108291626
0.5894593000411987
0.5600900053977966
0.5006787180900574
0.8401241302490234
0.575358510017395
0.528038740158081
0.5207239985466003
0.8117725849151611
0.5234077572822571
0.7453728318214417
0.5969924926757812
0.7036276459693909
0.7371200919151306
0.5707471966743469
0.4874035716056824
0.729131817817688
0.7954527735710144
0.5692582130432129
0.6035027503967285
0.7944592237472534
0.7018830180168152
0.7027840614318848
0.5391095280647278
0.571649968624115
0.6155691742897034
0.6325782537460327
0.7296414971351624
0.827778697013855
0.731366753578186
0.5356547236442566
0.6708587408065796
0.27024057507514954
0.915149986743927
0.4733237326145172
0.5169088244438171
0.46557074785232544
0.7446070313453674
0.8162902593612671
0.7009714841842651
0.5073791146278381
0.6611888408660889
0.520208477973938
0.602042555809021
0.555058479309082
0.7447292804718018
0.8390339016914368
0.6750116348266602
0.5856408476829529
0.6446036696434021
0.5756786465644836
0.5656283497810364
0.47053706645965576
0.5263349413871765
0.39408567547798157
0.5400071144104004
0.5375215411186218
0.6415775418281555
0.43563783168792725
0.6118342280387878
0.5218039155006409
0.5849564075469971
0.616758406162262
0.6960188150405884
0.6536883115768433
0.53477543592453
0.6280887126922607
0.4121069312095642
0.6984380483627319
0.47656840085983276
0.47888627648353577
0.8384212851524353
0.43872833251953125
0.6629445552825928
0.3633773922920227
0.8438413739204407
0.41093796491622925
0.3712444305419922
0.5138771533966064
0.6154349446296692
0.4909551739692688
0.6736050248146057
0.4463033676147461
0.7214149236679077
0.31310248374938965
0.2861630916595459
0.5143049955368042
0.7978730797767639
0.3822164833545685
0.6636659502983093
0.6557906866073608
0.7731457352638245
0.5750745534896851
0.6384168267250061
0.5466547012329102
0.5150996446609497
0.6092813014984131
0.6151508688926697
0.42773130536079407
0.5611075758934021
0.5987802743911743
0.4503260552883148
0.683085024356842
0.34959524869918823
0.5730574727058411
0.7046926617622375
0.5787390470504761
0.7715758681297302
0.5858842730522156
0.42379337549209595
0.35831549763679504
0.33071067929267883
0.44478484988212585
0.5191894173622131
0.38417789340019226
0.25748008489608765
0.644637942314148
0.9372339248657227
0.5207579135894775
0.7101502418518066
0.6610790491104126
0.6381737589836121
0.5789176225662231
0.6574398279190063
0.5478347539901733
0.6180745959281921
0.5484620332717896
0.629297137260437
0.48628440499305725
0.38688042759895325
0.2369358241558075
0.4198743402957916
0.40977978706359863
0.4785156846046448
0.5443457365036011
0.5546722412109375
0.6955854296684265
0.7826322913169861
0.5604591369628906
0.7781695127487183
0.5532078146934509
0.3796861469745636
0.6445351243019104
0.45000171661376953
0.6516957879066467
0.8859496116638184
0.5466797351837158
0.6421571969985962
0.6534435749053955
0.5267515182495117
0.7295674681663513
0.1697728931903839
0.5261450409889221
0.5513103604316711
0.5844663977622986
0.5298008322715759
0.5199950933456421
0.719928503036499
0.5831227898597717
0.5094317197799683
0.7047498226165771
0.6625248789787292
0.63008052110672
0.23313604295253754
0.296883225440979
0.6936942934989929
0.4926222264766693
0.9058318138122559
0.7416014671325684
0.6017610430717468
0.6566380858421326
0.46593695878982544
0.5947068333625793
0.5328449606895447
0.6522195339202881
0.6019207835197449
0.6048072576522827
0.611138641834259
0.700543999671936
0.5643233060836792
0.6157615184783936
0.6523736119270325
0.5244258642196655
0.5345312356948853
0.460685133934021
0.7486733198165894
0.5082768201828003
0.4813462495803833
0.6993568539619446
0.5289131999015808
0.5632890462875366
0.6587095260620117
0.7025772333145142
0.6167568564414978
0.7984455823898315
0.550804853439331
0.4484025239944458
0.5239690542221069
0.424514502286911
0.5387465357780457
0.5482784509658813
0.7007576823234558
0.6081202030181885
0.6714028716087341
0.4763507843017578
0.491066038608551
0.597772479057312
0.6669780015945435
0.5793620347976685
0.6696155667304993
0.5254723429679871
0.4137296974658966
0.34926775097846985
0.45574629306793213
0.5095391869544983
0.5881573557853699
0.6658334732055664
0.47337085008621216
0.47343963384628296
0.5576043725013733
0.6260681748390198
0.622893214225769
0.6744173765182495
0.6168467402458191
0.5579789876937866
0.2293340116739273
0.377249538898468
0.4665144085884094
0.6298163533210754
0.48182031512260437
0.32819366455078125
0.6075320243835449
0.6359730958938599
0.4575589597225189
0.6419516801834106
0.4640592038631439
0.5150988101959229
0.7497211694717407
0.4954317808151245
0.5618562698364258
0.491925984621048
0.6004379391670227
0.4840492308139801
0.6489443778991699
0.5918026566505432
0.7381152510643005
0.7586295008659363
0.5617939829826355
0.7848218083381653
0.5928089618682861
0.5911481380462646
0.6368709206581116
0.349769651889801
0.454705148935318
0.49465009570121765
0.26387888193130493
0.8311834931373596
0.6502930521965027
0.6067227721214294
0.4828961193561554
0.7423410415649414
0.8108240365982056
0.5309678912162781
0.6188269257545471
0.6103139519691467
0.6319147944450378
0.4286542534828186
0.4654909670352936
0.8257662057876587
0.3101693093776703
0.6022757887840271
0.49433907866477966
0.5722752213478088
0.5951284766197205
0.570556640625
0.753200888633728
0.7026551365852356
0.7286935448646545
0.5984789133071899
0.7061519622802734
0.5179800987243652
0.3621780276298523
0.49738579988479614
0.600996196269989
0.5570312738418579
0.45918893814086914
0.5128547549247742
0.4120754599571228
0.6138565540313721
0.4207982122898102
0.6532454490661621
0.521355926990509
0.4210582673549652
0.7765113115310669
0.860122799873352
0.49919459223747253
0.4396377503871918
0.6727826595306396
0.37737444043159485
0.6989120841026306
0.5831395983695984
0.6116123199462891
0.6288252472877502
0.5740473866462708
0.5194411873817444
0.5603606104850769
0.5582319498062134
0.6683219075202942
0.5902299880981445
0.6213173866271973
0.805381715297699
0.5040308237075806
0.43934011459350586
0.5080984234809875
0.3757411241531372
0.7759400606155396
0.7390521168708801
0.2775816321372986
0.7356984615325928
0.5346665382385254
0.4823117256164551
0.5193206667900085
0.6574670076370239
0.6796579957008362
0.6041806936264038
0.32510364055633545
0.44283056259155273
0.6407411694526672
0.4688812792301178
0.5209705233573914
0.38310128450393677
0.3912326991558075
0.4410303831100464
0.5034769773483276
0.7392906546592712
0.6832294464111328
0.6518887877464294
0.5284208655357361
0.6078845858573914
0.6084578633308411
0.5911052227020264
0.47928085923194885
0.7245051860809326
0.6157952547073364
0.7666078209877014
0.7721514105796814
0.7266848683357239
0.4835629463195801
0.5520535707473755
0.5795641541481018
0.6542751789093018
0.6177486181259155
0.5567546486854553
0.5193238258361816
0.7447572946548462
0.46669378876686096
0.7276052832603455
0.4437980353832245
0.6718938946723938
0.5866553783416748
0.9356204271316528
0.7501445412635803
0.7940779328346252
0.8076643347740173
0.7841976284980774
0.6367363929748535
0.49978455901145935
0.5015732049942017
0.5000573992729187
0.6338149309158325
0.5561040639877319
0.7235733270645142
0.4861069321632385
0.5519238114356995
0.8314005732536316
0.5462072491645813
0.8498290181159973
0.3263614773750305
0.35610777139663696
0.6439930200576782
0.39451703429222107
0.7151288986206055
0.5387553572654724
0.7758448719978333
0.5167126655578613
0.40740475058555603
0.45962101221084595
0.7579160928726196
0.7011541724205017
0.5608741044998169
0.6243153214454651
0.741084635257721
0.373424232006073
0.42692872881889343
0.5785468816757202
0.6312916278839111
0.8673460483551025
0.6236047148704529
0.20773924887180328
0.860156238079071
0.6881080269813538
0.2539064884185791
0.466089129447937
0.6407482624053955
0.49640464782714844
0.6543976068496704
0.7500686049461365
0.48627668619155884
0.6215294003486633
0.7607025504112244
0.5519317984580994
0.54669588804245
0.5874677896499634
0.367095023393631
0.6734665036201477
0.6911118626594543
0.5379197001457214
0.6627360582351685
0.6909539103507996
0.5961747765541077
0.6120814681053162
0.6718041896820068
0.6039984226226807
0.6279740929603577
0.8943086862564087
0.3729495406150818
0.44677814841270447
0.4539995789527893
0.6273441910743713
0.5783524513244629
0.7832747101783752
0.6328357458114624
0.6869879364967346
0.5755132436752319
0.3762689232826233
0.5918678045272827
0.5880259275436401
0.5001814365386963
0.7442044019699097
0.34072771668434143
0.29419514536857605
0.5926744341850281
0.772546112537384
0.7671185731887817
0.749346137046814
0.6777030825614929
0.4888894259929657
0.5387570858001709
0.5194140672683716
0.32489708065986633
0.5706712007522583
0.6605959534645081
0.922826886177063
0.5847597122192383
0.5160235166549683
0.8376741409301758
0.44092094898223877
0.6710106134414673
0.6680783033370972
0.7662134170532227
0.6085068583488464
0.5960420966148376
0.5428301095962524
0.5402283668518066
0.8462560176849365
0.49348166584968567
0.696307897567749
0.6509233713150024
0.6077479720115662
0.5065017342567444
0.5381564497947693
0.6820250153541565
0.6122273206710815
0.6238391399383545
0.5487040281295776
0.6539352536201477
0.5909892320632935
0.44101279973983765
0.8523164987564087
0.3795658051967621
0.6528696417808533
0.6613272428512573
0.46963274478912354
0.733307421207428
0.3845648169517517
0.39871686697006226
0.80910724401474
0.7323672771453857
0.3824605345726013
0.6761686205863953
0.536117672920227
0.8555901646614075
0.7013182640075684
0.21665801107883453
0.7499490976333618
0.7719117999076843
0.6084214448928833
0.5938611626625061
0.6031230092048645
0.5558151602745056
0.43131086230278015
0.44821664690971375
0.3369676470756531
0.4702819883823395
0.6294069290161133
0.5524519085884094
0.46844133734703064
0.7428311109542847
0.22722889482975006
0.3701638877391815
0.4541633129119873
0.5735635161399841
0.3849318325519562
0.5667968988418579
0.5289323329925537
0.5943280458450317
0.46991509199142456
0.5156939625740051
0.4095534682273865
0.8109962344169617
0.7925243973731995
0.6252428293228149
0.738656222820282
0.7578474283218384
0.6563860177993774
0.6637922525405884
0.730414092540741
0.7960983514785767
0.581968367099762
0.5206241011619568
0.7588363289833069
0.5443890690803528
0.3159337341785431
0.4863181412220001
0.6699238419532776
0.7601721882820129
0.7080854773521423
0.47429919242858887
0.56004798412323
0.6686176657676697
0.6439628601074219
0.6060317754745483
0.6258413791656494
0.40570276975631714
0.6868342757225037
0.6213983297348022
0.5724866986274719
0.5216573476791382
0.3678959012031555
0.514329195022583
0.49024754762649536
0.32288476824760437
0.7756961584091187
0.4719475507736206
0.6670998930931091
0.651012122631073
0.70685213804245
0.4612075090408325
0.3361530005931854
0.49265629053115845
0.6664690971374512
0.5605143904685974
0.6069233417510986
0.5879572629928589
0.6839622855186462
0.6242601275444031
0.5715166330337524
0.5822274684906006
0.4682074785232544
0.6992372870445251
0.43974727392196655
0.7137539386749268
0.3582843542098999
0.4544840455055237
0.549270510673523
0.6121565699577332
0.6186047792434692
0.21653898060321808
0.4994784891605377
0.7128301858901978
0.5466261506080627
0.6451081037521362
0.7754124999046326
0.7580057382583618
0.6895192265510559
0.7070735692977905
0.47049033641815186
0.36015674471855164
0.4554695188999176
0.30826911330223083
0.23261132836341858
0.4853461682796478
0.4375554025173187
0.599780261516571
0.627690315246582
0.32264673709869385
0.39766088128089905
0.43744954466819763
0.5216912627220154
0.49425652623176575
0.7316988110542297
0.5613839030265808
0.5833291411399841
0.7070700526237488
0.8788691163063049
0.7784717082977295
0.8491879105567932
0.2433491051197052
0.6625934839248657
0.4755340814590454
0.7699553966522217
0.6062461733818054
0.7109701037406921
0.5698186159133911
0.613635241985321
0.6926859021186829
0.29393282532691956
0.44806867837905884
0.4161525368690491
0.7633714079856873
0.2729882001876831
0.46121686697006226
0.3140178918838501
0.629871129989624
0.6629714965820312
0.6308557987213135
0.5680188536643982
0.6072600483894348
0.6721776723861694
0.5025271773338318
0.3531882166862488
0.41272956132888794
0.6523714065551758
0.37864676117897034
0.4955489933490753
0.309950590133667
0.6280036568641663
0.6413787007331848
0.5463117957115173
0.6345415711402893
0.4513726830482483
0.7238633632659912
0.5568937659263611
0.5969272255897522
0.5873929262161255
0.4596220552921295
0.49608075618743896
0.502696692943573
0.7704499959945679
0.6447883248329163
0.3803914189338684
0.6218376755714417
0.4841419756412506
0.7298683524131775
0.8291369676589966
0.5978627800941467
0.5681516528129578
0.6761345267295837
0.5278799533843994
0.43215152621269226
0.40705686807632446
0.5145132541656494
0.8154004216194153
0.43286654353141785
0.7168899178504944
0.6061807870864868
0.6518778800964355
0.49015653133392334
0.6364713907241821
0.5158465504646301
0.4686852693557739
0.5804290175437927
0.5366466045379639
0.6868820190429688
0.6441741585731506
0.5519281029701233
0.6530125737190247
0.5625839829444885
0.5752987861633301
0.5646098852157593
0.7915210723876953
0.6512598395347595
0.6320043802261353
0.6116951704025269
0.4387223720550537
0.6032766699790955
0.4649968147277832
0.5287745594978333
0.6185706257820129
0.643998920917511
0.7489576935768127
0.35044723749160767
0.4872294068336487
0.24660348892211914
0.5330461263656616
0.5453106760978699
0.6530725955963135
0.5019317865371704
0.7218025326728821
0.6062355041503906
0.6011374592781067
0.7896966338157654
0.43142828345298767
0.4083918035030365
0.2836322486400604
0.4507754147052765
0.2860681712627411
0.4121105968952179
0.5415641665458679
0.7636978030204773
0.39231064915657043
0.5317267775535583
0.6434003710746765
0.38100963830947876
0.46730324625968933
0.33897653222084045
0.8301251530647278
0.353861540555954
0.6400526165962219
0.8128646612167358
0.598024845123291
0.7385178804397583
0.6763785481452942
0.6030610203742981
0.6398313641548157
0.7206353545188904
0.6398800611495972
0.6282427906990051
0.5917461514472961
0.6423492431640625
0.6798009872436523
0.8860034942626953
0.8159188032150269
0.4448374807834625
0.42520785331726074
0.5155442357063293
0.8012477159500122
0.603472888469696
0.7253279089927673
0.6745717525482178
0.3705952763557434
0.43801867961883545
0.5145518183708191
0.4003809988498688
0.736239492893219
0.5749443173408508
0.611911416053772
0.6250281929969788
0.7918601036071777
0.6301060318946838
0.49910634756088257
0.6436982750892639
0.5274407267570496
0.7102030515670776
0.6294893622398376
0.2690102756023407
0.443528413772583
0.5274438858032227
0.6887617707252502
0.6455252170562744
0.7870088815689087
0.6517475247383118
0.674053430557251
0.6443682312965393
0.4148557186126709
0.344746857881546
0.6488098502159119
0.49076464772224426
0.4069269895553589
0.7463085055351257
0.8888232111930847
0.4989590346813202
0.5678938031196594
0.5923314690589905
0.8042379021644592
0.34338343143463135
0.6939727663993835
0.7000550627708435
0.6010257601737976
0.49329158663749695
0.733819842338562
0.5085771083831787
0.5195940136909485
0.34146952629089355
0.525515079498291
0.7521505355834961
0.32129746675491333
0.4407481253147125
0.7228542566299438
0.5020802021026611
0.2470499724149704
0.6509290933609009
0.5259062051773071
0.38697877526283264
0.5116000771522522
0.33014532923698425
0.4334912598133087
0.8660465478897095
0.5646812915802002
0.7867416739463806
0.4718833267688751
0.8529618978500366
0.7121699452400208
0.4444614052772522
0.5211267471313477
0.45112723112106323
0.4414035975933075
0.5365941524505615
0.6245447993278503
0.4972565174102783
0.5544956922531128
0.5771979093551636
0.5848720669746399
0.5417135953903198
0.6058084964752197
0.47993966937065125
0.7196512818336487
0.6169013977050781
0.48612552881240845
0.7951380014419556
0.28475162386894226
0.4405094385147095
0.5644479393959045
0.5385198593139648
0.3087945580482483
0.3394201099872589
0.5954620838165283
0.4511472284793854
0.6623560190200806
0.5213254690170288
0.7392197847366333
0.787355899810791
0.6420210599899292
0.5445080995559692
0.7163487076759338
0.5157818794250488
0.5414766669273376
0.6038089394569397
0.8768654465675354
0.5768630504608154
0.6542360782623291
0.4082924425601959
0.5464156270027161
0.6187736988067627
0.5221592783927917
0.2641007602214813
0.25486844778060913
0.8399676084518433
0.6283459663391113
0.5826965570449829
0.6660734415054321
0.5177600383758545
0.750018298625946
0.6611531972885132
0.71766197681427
0.6076271533966064
0.5080274939537048
0.5369666814804077
0.7097827792167664
0.4724310040473938
0.5215728282928467
0.5850473642349243
0.5458028316497803
0.3082852363586426
0.5088056325912476
0.7271981239318848
0.4366214871406555
0.6118316650390625
0.4438832104206085
0.5755694508552551
0.36561155319213867
0.6165311932563782
0.4997521638870239
0.5031328797340393
0.7662197947502136
0.42179206013679504
0.5102521181106567
0.4812338650226593
0.5433748364448547
0.6085852980613708
0.45188096165657043
0.4648416042327881
0.28360530734062195
0.4986751675605774
0.7162789106369019
0.5164957642555237
0.5602328777313232
0.6958909630775452
0.5541791319847107
0.6049221754074097
0.6169363856315613
0.5610224604606628
0.5423197150230408
0.5548337697982788
0.4494161605834961
0.40487340092658997
0.6890988349914551
0.7266332507133484
0.7780685424804688
0.7784163951873779
0.5562587380409241
0.519490122795105
0.48685982823371887
0.8534645438194275
0.5794225931167603
0.3739374577999115
0.570497989654541
0.9301181435585022
0.5470981597900391
0.7548967599868774
0.5829161405563354
0.3481011688709259
0.5536707043647766
0.345676451921463
0.8405503630638123
0.34193649888038635
0.7026394605636597
0.6181224584579468
0.6038742065429688
0.5757437348365784
0.8589575886726379
0.53872150182724
0.5830835700035095
0.3704533874988556
0.7225810885429382
0.7341156005859375
0.27798768877983093
0.28198230266571045
0.6907632946968079
0.7747135758399963
0.5502777695655823
0.6986545324325562
0.5361852049827576
0.5865558385848999
0.6827543377876282
0.34737133979797363
0.519484281539917
0.4605516791343689
0.6206074953079224
0.6400968432426453
0.40235862135887146
0.3849731683731079
0.7316233515739441
0.5431389212608337
0.47920188307762146
0.5554434061050415
0.7049925327301025
0.6993316411972046
0.76239013671875
0.389840692281723
0.6069971323013306
0.6567376255989075
0.6569639444351196
0.6374573111534119
0.6149770617485046
0.7762757539749146
0.5557745099067688
0.6415468454360962
0.658178985118866
0.5916063189506531
0.7839507460594177
0.5387938618659973
0.615035891532898
0.6249076724052429
0.6289486885070801
0.3623262345790863
0.8304919004440308
0.5864498615264893
0.6054691076278687
0.43299248814582825
0.7277991771697998
0.45772483944892883
0.5814362168312073
0.45690879225730896
0.35481688380241394
0.38943150639533997
0.42583414912223816
0.6760258078575134
0.7388846278190613
0.45178186893463135
0.558526873588562
0.7164092063903809
0.6149457693099976
0.2925354242324829
0.7141464352607727
0.8635179400444031
0.43178701400756836
0.6545175313949585
0.7054133415222168
0.5939369201660156
0.6136244535446167
0.46494942903518677
0.5745499730110168
0.238475039601326
0.27993878722190857
0.8493524789810181
0.8279119729995728
0.6408916115760803
0.5952881574630737
0.6904349327087402
0.8014947175979614
0.6814565062522888
0.7553974390029907
0.8694394826889038
0.5850027799606323
0.5369755029678345
0.6147741675376892
0.6874300837516785
0.5572813153266907
0.7117099165916443
0.6175055503845215
0.6786266565322876
0.4828587472438812
0.5650689005851746
0.4665282070636749
0.6374662518501282
0.8271963000297546
0.6852972507476807
0.6286085247993469
0.6305312514305115
0.5631793737411499
0.5741548538208008
0.49516060948371887
0.5890234112739563
0.4485258162021637
0.40483275055885315
0.4643738567829132
0.41610094904899597
0.7318868637084961
0.5421507954597473
0.5596354007720947
0.44087862968444824
0.6868314146995544
0.42345499992370605
0.5270150303840637
0.5531109571456909
0.43758007884025574
0.4608744978904724
0.33824098110198975
0.5343234539031982
0.2113368809223175
0.3971918523311615
0.5113691687583923
0.6460830569267273
0.5882100462913513
0.7497313618659973
0.8446272015571594
0.6235871315002441
0.5883079171180725
0.685601532459259
0.3525320589542389
0.39294424653053284
0.5561406016349792
0.6019968390464783
0.5770391225814819
0.43905216455459595
0.8114823698997498
0.20384082198143005
0.20162542164325714
0.8226554989814758
0.35752105712890625
0.6515448689460754
0.7321286201477051
0.7151625752449036
0.592475950717926
0.6290754079818726
0.7538188099861145
0.6358312368392944
0.368307501077652
0.2785038352012634
0.436827152967453
0.3990360498428345
0.8712495565414429
0.7251139283180237
0.4931892156600952
0.6236544251441956
0.609750509262085
0.4957849681377411
0.45397141575813293
0.7279390692710876
0.4873400628566742
0.53041011095047
0.5089909434318542
0.6253294348716736
0.6696752309799194
0.8333756327629089
0.7094899415969849
0.501060962677002
0.5087071061134338
0.5988604426383972
0.565261721611023
0.6510574817657471
0.5982998609542847
0.5579420924186707
0.7897706627845764
0.31632930040359497
0.7737011909484863
0.4670237600803375
0.457417756319046
0.5116461515426636
0.6025404334068298
0.44084981083869934
0.3044816851615906
0.6291021704673767
0.4207302927970886
0.46060946583747864
0.41236042976379395
0.6241662502288818
0.5115291476249695
0.594139575958252
0.31691429018974304
0.5682357549667358
0.4599152207374573
0.46620476245880127
0.36791589856147766
0.7402728796005249
0.46687301993370056
0.39169302582740784
0.5610887408256531
0.5797115564346313
0.6048178672790527
0.4670993983745575
0.5366798043251038
0.49659430980682373
0.7213400602340698
0.6539953947067261
0.579829216003418
0.6253212690353394
0.5825281143188477
0.5414308905601501
0.6575437784194946
0.3045676350593567
0.5544208288192749
0.5662198662757874
0.41976794600486755
0.7053451538085938
0.8558562397956848
0.39748361706733704
0.5146414637565613
0.38187411427497864
0.6833340525627136
0.6282320022583008
0.41389378905296326
0.4437396228313446
0.46927404403686523
0.5406960248947144
0.792747974395752
0.71781325340271
0.5890564322471619
0.5741629600524902
0.3983716666698456
0.4316762089729309
0.50981605052948
0.6016020774841309
0.5723603963851929
0.5029653906822205
0.6909924745559692
0.8829505443572998
0.616837203502655
0.5609577298164368
0.5877242088317871
0.5642638206481934
0.5702328681945801
0.5962798595428467
0.6679626107215881
0.4957262873649597
0.621101975440979
0.588165283203125
0.7183192372322083
0.7230017781257629
0.5235459804534912
0.6549954414367676
0.5325607657432556
0.5623599290847778
0.4863734543323517
0.554800808429718
0.4797157347202301
0.7217881679534912
0.7285603880882263
0.5451310873031616
0.522931694984436
0.5831760764122009
0.6271737813949585
0.6740667223930359
0.5965001583099365
0.5619019269943237
0.46443450450897217
0.5780090093612671
0.4379168152809143
0.5947157144546509
0.8905636072158813
0.6571164727210999
0.7533673644065857
0.5849422812461853
0.6163814067840576
0.3264726400375366
0.44050365686416626
0.5686762928962708
0.24665215611457825
0.31207218766212463
0.31917279958724976
0.5990979671478271
0.5152890086174011
0.588640570640564
0.3972925841808319
0.49555593729019165
0.605064332485199
0.5075154900550842
0.7653401494026184
0.5692563652992249
0.6537268757820129
0.5084834098815918
0.4962175786495209
0.7030763626098633
0.8168678283691406
0.7137830257415771
0.2666078209877014
0.6735950112342834
0.5125808119773865
0.8041455149650574
0.32562151551246643
0.646565854549408
0.745478630065918
0.33590054512023926
0.6880231499671936
0.7636004090309143
0.3600024878978729
0.5111300945281982
0.653374969959259
0.4738592505455017
0.6520163416862488
0.7703453898429871
0.864710807800293
0.6193109154701233
0.5380589962005615
0.40823742747306824
0.8107702136039734
0.8153085708618164
0.6510564088821411
0.6478103995323181
0.5286067128181458
0.7304662466049194
0.6189844608306885
0.458548367023468
0.4395199716091156
0.34990257024765015
0.47848063707351685
0.5398033261299133
0.6806396245956421
0.5910552144050598
0.6496849656105042
0.3911926746368408
0.6987250447273254
0.6076335310935974
0.45173096656799316
0.2815147936344147
0.6440677642822266
0.8296492099761963
0.7345970869064331
0.7830134034156799
0.6654323935508728
0.6621015071868896
0.5780004262924194
0.7563530206680298
0.5355350971221924
0.5464089512825012
0.3608149290084839
0.737934947013855
0.8749203681945801
0.4915655255317688
0.7569425702095032
0.7181738018989563
0.8552991151809692
0.4358663558959961
0.6441336870193481
0.45821642875671387
0.6204622983932495
0.5182012319564819
0.4299798011779785
0.610809326171875
0.5861679315567017
0.7444440722465515
0.6758007407188416
0.49917683005332947
0.483559250831604
0.7365465760231018
0.5612910389900208
0.6192521452903748
0.6832876205444336
0.67328280210495
0.6071252226829529
0.6212064027786255
0.6008942127227783
0.6269809603691101
0.8114688992500305
0.34505078196525574
0.7871207594871521
0.7342342734336853
0.52278733253479
0.47230207920074463
0.4976171553134918
0.6625924706459045
0.7329966425895691
0.5821313261985779
0.43889570236206055
0.5358515381813049
0.6520379185676575
0.3631495535373688
0.6082890033721924
0.6551740169525146
0.5609742999076843
0.7931820154190063
0.6726031303405762
0.4884818494319916
0.4309769570827484
0.34536251425743103
0.47964051365852356
0.4023467004299164
0.6258687376976013
0.5644248723983765
0.5139667987823486
0.6086411476135254
0.7516931891441345
0.761786937713623
0.37171632051467896
0.407769113779068
0.6119075417518616
0.49390140175819397
0.6467658877372742
0.7668053507804871
0.5923827290534973
0.5654559135437012
0.6781054735183716
0.6667255759239197
0.6144676804542542
0.4668504595756531
0.5082465410232544
0.8556594848632812
0.8643620610237122
0.7160550355911255
0.7561221718788147
0.4549320340156555
0.37692543864250183
0.5808231830596924
0.43104612827301025
0.38804545998573303
0.4684511423110962
0.6596433520317078
0.5988436937332153
0.41383838653564453
0.5214220881462097
0.7112995982170105
0.5583507418632507
0.6512330770492554
0.7985893487930298
0.6117724180221558
0.22141455113887787
0.6634406447410583
0.487044095993042
0.7052401900291443
0.4850262999534607
0.5208976864814758
0.6957963109016418
0.3014456629753113
0.4784454107284546
0.520193338394165
0.5168725252151489
0.5629218816757202
0.42282363772392273
0.3546071946620941
0.37639185786247253
0.6052889227867126
0.7165799140930176
0.5604857802391052
0.5089473128318787
0.5488927364349365
0.7514654397964478
0.31335705518722534
0.5673730969429016
0.7852802872657776
0.6648741960525513
0.3374267816543579
0.6966227293014526
0.7192676067352295
0.5736958980560303
0.507317066192627
0.4373142719268799
0.4607662558555603
0.713668704032898
0.6168973445892334
0.5454323291778564
0.6383936405181885
0.5543944239616394
0.47803694009780884
0.6510958075523376
0.4840148091316223
0.4306643605232239
0.5084357261657715
0.7788179516792297
0.6040934324264526
0.44669410586357117
0.5274446606636047
0.615200936794281
0.519260048866272
0.676978349685669
0.5015537142753601
0.5510536432266235
0.5059174299240112
0.5925495624542236
0.7083042860031128
0.2641560435295105
0.5417117476463318
0.8284932374954224
0.6263819932937622
0.6884238719940186
0.5674678683280945
0.5658189654350281
0.8408353924751282
0.5470903515815735
0.7020984888076782
0.5452053546905518
0.4497379660606384
0.5211009979248047
0.4784708321094513
0.5282914638519287
0.8334829211235046
0.737990140914917
0.3757776618003845
0.4123559892177582
0.6879780888557434
0.4192049205303192
0.6727333664894104
0.5014758110046387
0.5822618007659912
0.35642507672309875
0.42999085783958435
0.44522666931152344
0.5790872573852539
0.4415395259857178
0.4559969902038574
0.6070843935012817
0.739512026309967
0.7956525683403015
0.5174505114555359
0.6014009118080139
0.7935774922370911
0.3469662368297577
0.5866388082504272
0.6069618463516235
0.7520853877067566
0.5801692008972168
0.7095609307289124
0.4688025712966919
0.624921977519989
0.3385668694972992
0.776162326335907
0.5171001553535461
0.4499858617782593
0.44188567996025085
0.5786780118942261
0.2813529074192047
0.4866061508655548
0.5778125524520874
0.7736731767654419
0.4683358073234558
0.639299213886261
0.4784052073955536
0.6569257974624634
0.4565434455871582
0.5448068976402283
0.7306731939315796
0.40926966071128845
0.5966693162918091
0.6736060976982117
0.6567989587783813
0.6025182604789734
0.4941469132900238
0.35290077328681946
0.4537937045097351
0.3757142722606659
0.6308785676956177
0.6616106033325195
0.5976495742797852
0.6200127005577087
0.727238655090332
0.19752739369869232
0.43189385533332825
0.20157404243946075
0.5976237654685974
0.680706262588501
0.5334550142288208
0.7565410137176514
0.48696622252464294
0.8040973544120789
0.6958638429641724
0.3275820016860962
0.6577630639076233
0.46570414304733276
0.6739057302474976
0.48944929242134094
0.3914675712585449
0.6664535999298096
0.48950931429862976
0.6379534602165222
0.6203908920288086
0.5796935558319092
0.8610764145851135
0.41922685503959656
0.681080162525177
0.3151592016220093
0.6312198638916016
0.7556307911872864
0.6648571491241455
0.6732869148254395
0.49598056077957153
0.7855145931243896
0.4919588267803192
0.53758305311203
0.5810902118682861
0.46853387355804443
0.7270252108573914
0.5967046022415161
0.5046217441558838
0.6076456904411316
0.4877815544605255
0.46348875761032104
0.7146454453468323
0.6255289912223816
0.5476316213607788
0.6926718950271606
0.4450775384902954
0.5117931962013245
0.4544665217399597
0.3759670555591583
0.6772856116294861
0.43939146399497986
0.49570876359939575
0.5908121466636658
0.47602379322052
0.43947699666023254
0.8455285429954529
0.5652483701705933
0.7203359603881836
0.6869609951972961
0.3729376792907715
0.5948799848556519
0.6229361295700073
0.359112948179245
0.3868526220321655
0.8441623449325562
0.4054146111011505
0.5801999568939209
0.6376328468322754
0.4614371955394745
0.6635821461677551
0.5451717972755432
0.7826310396194458
0.7447295784950256
0.6709425449371338
0.5349525213241577
0.3885174095630646
0.5269902944564819
0.49408894777297974
0.6298466920852661
0.48532015085220337
0.4909484386444092
0.4857354164123535
0.4429633915424347
0.5201377868652344
0.7210230827331543
0.5778254866600037
0.44895750284194946
0.5134788155555725
0.5733087658882141
0.3923323452472687
0.5869717597961426
0.4197092652320862
0.4054112732410431
0.684938371181488
0.5694916248321533
0.4464639127254486
0.5004386901855469
0.5128889679908752
0.5790501236915588
0.575021505355835
0.4158344864845276
0.5760118365287781
0.5170530080795288
0.3827197551727295
0.5467214584350586
0.5588562488555908
0.8164309859275818
0.6410446166992188
0.29015034437179565
0.45622363686561584
0.6627659797668457
0.5184272527694702
0.5507464408874512
0.5055199265480042
0.5400246977806091
0.3992246091365814
0.5119644403457642
0.4210633337497711
0.4969267249107361
0.6590325236320496
0.49585047364234924
0.3782053589820862
0.5420035719871521
0.6004637479782104
0.6034454107284546
0.4959469437599182
0.7318133115768433
0.7236344218254089
0.6274200081825256
0.4493570327758789
0.577595591545105
0.5624834299087524
0.38388538360595703
0.5460773706436157
0.5080180168151855
0.8022698163986206
0.6725666522979736
0.2944590747356415
0.6812764406204224
0.6339134573936462
0.6857132911682129
0.6662096381187439
0.5322522521018982
0.6858944296836853
0.5623193383216858
0.42845481634140015
0.442629337310791
0.6520565152168274
0.7968195676803589
0.8053709268569946
0.6664542555809021
0.6594849824905396
0.32376828789711
0.6079844832420349
0.7097499370574951
0.7738333344459534
0.6448130011558533
0.42975619435310364
0.786450982093811
0.4287984073162079
0.44154617190361023
0.6831150650978088
0.4023498296737671
0.3630467653274536
0.47275272011756897
0.4989628791809082
0.38681280612945557
0.6420577764511108
0.5347937941551208
0.5964539647102356
0.531810998916626
0.7517126202583313
0.7976804971694946
0.8574111461639404
0.6068226099014282
0.5424065589904785
0.6821630597114563
0.39785486459732056
0.6847030520439148
0.5453347563743591
0.5625720620155334
0.7539036870002747
0.6268312931060791
0.697238564491272
0.3964300751686096
0.4168059527873993
0.5673285126686096
0.6740226149559021
0.682829737663269
0.39459601044654846
0.5825260877609253
0.7991881370544434
0.756904661655426
0.7549945712089539
0.7970790266990662
0.5949263572692871
0.4879895746707916
0.6893073320388794
0.7830406427383423
0.8221885561943054
0.6260228157043457
0.46457722783088684
0.5853966474533081
0.5371854305267334
0.49386903643608093
0.5158180594444275
0.2439299076795578
0.5715764760971069
0.5535050630569458
0.5791946053504944
0.5361704230308533
0.5828433632850647
0.634575605392456
0.6665986776351929
0.31090009212493896
0.3661651015281677
0.9244234561920166
0.7891815900802612
0.765001118183136
0.763255774974823
0.6587965488433838
0.6753186583518982
0.5104392170906067
0.4780099391937256
0.5491635203361511
0.7758263945579529
0.45181575417518616
0.4809252619743347
0.5522009134292603
0.6295394897460938
0.5646460652351379
0.6657721996307373
0.6634429097175598
0.41322964429855347
0.6182171702384949
0.7479045391082764
0.6394761800765991
0.29899662733078003
0.5584580898284912
0.5560952425003052
0.5907804369926453
0.43982383608818054
0.6281388998031616
0.4920433461666107
0.2647835612297058
0.35467979311943054
0.31588438153266907
0.3162943720817566
0.6714146137237549
0.7481932044029236
0.43836528062820435
0.5401014685630798
0.5329904556274414
0.5957735776901245
0.7682302594184875
0.6420402526855469
0.6468136310577393
0.6455218195915222
0.5605202913284302
0.302905797958374
0.629453718662262
0.6622156500816345
0.4560152590274811
0.42641016840934753
0.5147220492362976
0.64666348695755
0.6008972525596619
0.5644912719726562
0.6194499731063843
0.6376920342445374
0.37918707728385925
0.6143566370010376
0.6369190216064453
0.45841118693351746
0.5431337952613831
0.46026790142059326
0.8286851048469543
0.3516084551811218
0.4946390390396118
0.45632612705230713
0.3630855679512024
0.6089285612106323
0.7817854285240173
0.556776225566864
0.2333594262599945
0.6166156530380249
0.753029465675354
0.7626737952232361
0.580697238445282
0.5434160232543945
0.3222009241580963
0.4085595905780792
0.7951962351799011
0.23101270198822021
0.602399468421936
0.6796897053718567
0.685512125492096
0.7375195026397705
0.6628174781799316
0.7751119136810303
0.5697066187858582
0.607420802116394
0.6191494464874268
0.47198954224586487
0.5952110886573792
0.49906405806541443
0.42355552315711975
0.839349627494812
0.5509085655212402
0.5008736848831177
0.722770631313324
0.1722523421049118
0.6080759167671204
0.5904136896133423
0.48295795917510986
0.5473502278327942
0.7379881143569946
0.6746060252189636
0.6971850395202637
0.6899102926254272
0.6228012442588806
0.6130695939064026
0.5332663655281067
0.5895733833312988
0.5937351584434509
0.7368710041046143
0.714165985584259
0.5792682766914368
0.6122031807899475
0.5707957148551941
0.5844742655754089
0.47478246688842773
0.5440278053283691
0.7553642392158508
0.47419896721839905
0.7616620063781738
0.6791463494300842
0.5204623341560364
0.7558383345603943
0.572534441947937
0.4475114941596985
0.4588604271411896
0.7555297613143921
0.6402270197868347
0.7284201383590698
0.682777464389801
0.6158409118652344
0.620905876159668
0.504136323928833
0.45763835310935974
0.6860777735710144
0.5829916596412659
0.6499866843223572
0.5160512328147888
0.5938319563865662
0.5035842657089233
0.5522873997688293
0.7090129256248474
0.6764081716537476
0.4951061010360718
0.5182043313980103
0.5022999048233032
0.39292627573013306
0.5947813391685486
0.6357749104499817
0.5568864941596985
0.710321843624115
0.2892102003097534
0.6211043000221252
0.8960323333740234
0.3634268045425415
0.5639753937721252
0.4926401674747467
0.6110237836837769
0.6438649892807007
0.5178868770599365
0.6405960321426392
0.5151526927947998
0.48149487376213074
0.36778566241264343
0.4385862350463867
0.3207016587257385
0.7267366647720337
0.9055102467536926
0.5504704117774963
0.5951964259147644
0.5717059969902039
0.697754979133606
0.4211162328720093
0.45844459533691406
0.5601762533187866
0.7207082509994507
0.3884889483451843
0.739834725856781
0.6900310516357422
0.5116917490959167
0.5733911991119385
0.7096421718597412
0.47990062832832336
0.4071945548057556
0.6142005920410156
0.5586028695106506
0.5434495210647583
0.6892775297164917
0.5753406286239624
0.507453978061676
0.6265424489974976
0.5220955014228821
0.7105000615119934
0.4506704807281494
0.5079297423362732
0.4930936098098755
0.26605236530303955
0.6533054709434509
0.5472983717918396
0.5698356628417969
0.6559262871742249
0.6606388092041016
0.4948447644710541
0.6291621923446655
0.49235057830810547
0.5169457793235779
0.6649365425109863
0.6281260848045349
0.5648072957992554
0.5116481184959412
0.6309133172035217
0.7073151469230652
0.8280906081199646
0.5225380063056946
0.5877819657325745
0.3982895314693451
0.7603842616081238
0.733147919178009
0.5363969206809998
0.6364732980728149
0.49238309264183044
0.6881827712059021
0.41393592953681946
0.7659013867378235
0.5885763168334961
0.47046127915382385
0.3245870769023895
0.44213560223579407
0.5875373482704163
0.4148644208908081
0.47554102540016174
0.6126118302345276
0.46827539801597595
0.6113715171813965
0.5875040292739868
0.47533270716667175
0.7396467328071594
0.5901745557785034
0.5363121032714844
0.5404501557350159
0.6612717509269714
0.5844016671180725
0.755664587020874
0.5588597655296326
0.7578411102294922
0.4611230492591858
0.6257670521736145
0.7885756492614746
0.6060351133346558
0.328887015581131
0.5741357207298279
0.6486150026321411
0.3472273647785187
0.722497284412384
0.5474339723587036
0.33470726013183594
0.42297518253326416
0.6388711333274841
0.44737008213996887
0.7699224948883057
0.6043009161949158
0.7033470273017883
0.711826741695404
0.40214958786964417
0.5574012994766235
0.40918415784835815
0.6956313848495483
0.7114019393920898
0.6246901154518127
0.864234983921051
0.5010796189308167
0.6506317853927612
0.7218753695487976
0.35250020027160645
0.6164870858192444
0.4675571918487549
0.8125288486480713
0.5674646496772766
0.5986467003822327
0.7086385488510132
0.7589628100395203
0.7978057861328125
0.6894307732582092
0.624801754951477
0.5192045569419861
0.41407230496406555
0.5865216851234436
0.5561686158180237
0.5482723116874695
0.5877041816711426
0.48008620738983154
0.5684698224067688
0.5542019605636597
0.5496906638145447
0.9106950163841248
0.8688295483589172
0.539217472076416
0.6178778409957886
0.5434035062789917
0.6095784902572632
0.4899458587169647
0.7055246829986572
0.6445008516311646
0.5474019050598145
0.7293686270713806
0.729155957698822
0.6840620636940002
0.7645092010498047
0.5133763551712036
0.6592475175857544
0.5537198185920715
0.4255276024341583
0.4409281611442566
0.6800941228866577
0.7990505695343018
0.6232853531837463
0.720605731010437
0.6017885804176331
0.4867343008518219
0.5656440854072571
0.6737306118011475
0.6903736591339111
0.651663601398468
0.5767264366149902
0.7539323568344116
0.49323004484176636
0.6675702333450317
0.8307898640632629
0.46081939339637756
0.6291847229003906
0.42511001229286194
0.5806283950805664
0.4606781005859375
0.4657897353172302
0.5958685278892517
0.5442997813224792
0.4905897080898285
0.6828188896179199
0.7068010568618774
0.6428084373474121
0.6598073840141296
0.6789053082466125
0.8561432957649231
0.5312962532043457
0.38156643509864807
0.49283501505851746
0.17147812247276306
0.14098626375198364
0.5746611952781677
0.6797451972961426
0.48033007979393005
0.504702627658844
0.1959535777568817
0.21003137528896332
0.6997749209403992
0.6552929282188416
0.6921278834342957
0.639303982257843
0.5208809971809387
0.5091986656188965
0.6267415881156921
0.5190927982330322
0.6167658567428589
0.5068206191062927
0.814851701259613
0.6058022975921631
0.18045522272586823
0.6634507775306702
0.35758551955223083
0.30634844303131104
0.3613071143627167
0.638478696346283
0.4890168309211731
0.49661433696746826
0.5418202877044678
0.5347327589988708
0.46814316511154175
0.43409037590026855
0.7806708216667175
0.7535718679428101
0.47102102637290955
0.4786466956138611
0.44981351494789124
0.4888704717159271
0.4212527871131897
0.6047647595405579
0.5749300122261047
0.43458226323127747
0.4333624243736267
0.7429962754249573
0.76841139793396
0.6716086864471436
0.627241849899292
0.585120677947998
0.4299543797969818
0.4857625961303711
0.8503767848014832
0.7096074819564819
0.5338868498802185
0.48729369044303894
0.5256654024124146
0.5785661339759827
0.7410473227500916
0.43453526496887207
0.5146545767784119
0.4283093214035034
0.5988802909851074
0.3265860378742218
0.6967180967330933
0.41145578026771545
0.7554987668991089
0.6310960054397583
0.6609961986541748
0.8759031891822815
0.7555803656578064
0.7522915005683899
0.36355021595954895
0.5455235242843628
0.5019647479057312
0.6188544034957886
0.6455144286155701
0.7199511528015137
0.498198002576828
0.3912973999977112
0.5642499327659607
0.525233805179596
0.4278806746006012
0.8355879783630371
0.4813368022441864
0.5908775925636292
0.6066592931747437
0.5804253220558167
0.5838724970817566
0.4930240511894226
0.40900754928588867
0.5307797193527222
0.7732400894165039
0.6824095249176025
0.6732668876647949
0.6065559387207031
0.5311000347137451
0.7720869779586792
0.5145995616912842
0.7253921627998352
0.43379709124565125
0.8186419606208801
0.600662887096405
0.35768646001815796
0.6094536185264587
0.7096015214920044
0.6033874750137329
0.619695782661438
0.8285775780677795
0.6760405898094177
0.622122049331665
0.6353054046630859
0.47538328170776367
0.6102598905563354
0.6924759745597839
0.3939453065395355
0.6014763712882996
0.6584869027137756
0.43805819749832153
0.5231117606163025
0.5776183605194092
0.8306838870048523
0.27436015009880066
0.390930712223053
0.6059000492095947
0.4627065658569336
0.57764732837677
0.6120908260345459
0.5378667712211609
0.6702297925949097
0.47838348150253296
0.38424280285835266
0.5939686298370361
0.8885577917098999
0.5987812280654907
0.5886678099632263
0.5167518854141235
0.4923219680786133
0.6517073512077332
0.7682165503501892
0.6786524057388306
0.3155650198459625
0.4245804250240326
0.41774681210517883
0.5939505100250244
0.5796969532966614
0.3749793469905853
0.5606609582901001
0.7101758122444153
0.601854681968689
0.5742353200912476
0.7327103018760681
0.5253699421882629
0.7274068593978882
0.8973522186279297
0.6215815544128418
0.7398285865783691
0.5256173610687256
0.40301513671875
0.6925793886184692
0.4776599705219269
0.5000171065330505
0.6087333559989929
0.38003823161125183
0.42529892921447754
0.6901569962501526
0.4659300744533539
0.7839897871017456
0.6496362686157227
0.47198864817619324
0.554443895816803
0.4257391393184662
0.5602640509605408
0.7838671207427979
0.5972126126289368
0.49149176478385925
0.5598083734512329
0.5302590131759644
0.610028088092804
0.5392355918884277
0.6396331191062927
0.27681416273117065
0.42178091406822205
0.6197543740272522
0.579992949962616
0.35295209288597107
0.7311335802078247
0.4473158121109009
0.35877659916877747
0.6507925987243652
0.5691585540771484
0.6228023171424866
0.6420214772224426
0.5639581084251404
0.7384371161460876
0.718414306640625
0.7552685141563416
0.5994709134101868
0.6491737961769104
0.44416511058807373
0.5069361329078674
0.6325619220733643
0.6277217268943787
0.47263088822364807
0.3918995261192322
0.6825682520866394
0.4657357335090637
0.7862316370010376
0.36399105191230774
0.3513292968273163
0.4428054690361023
0.6094262599945068
0.601476788520813
0.7540358901023865
0.5491707921028137
0.7467985153198242
0.5583150386810303
0.41582271456718445
0.6962913870811462
0.6059040427207947
0.4510974586009979
0.7204134464263916
0.5972393155097961
0.626731276512146
0.6039748787879944
0.7415662407875061
0.6116579174995422
0.7221695184707642
0.5593945384025574
0.5287322998046875
0.35850000381469727
0.3943460285663605
0.4832480251789093
0.3416532278060913
0.6768652200698853
0.8159188032150269
0.6058286428451538
0.813893735408783
0.87395179271698
0.5349845290184021
0.6350149512290955
0.426689088344574
0.5250880718231201
0.7959410548210144
0.5761873722076416
0.7235713601112366
0.5076456069946289
0.6681459546089172
0.5821585059165955
0.6738736033439636
0.4808942973613739
0.4745045304298401
0.35862842202186584
0.5995252728462219
0.5344627499580383
0.6321209073066711
0.4994111955165863
0.5690281987190247
0.40874311327934265
0.5797012448310852
0.5256083011627197
0.4405645430088043
0.6008002758026123
0.49467533826828003
0.6216059923171997
0.6376121640205383
0.5022266507148743
0.5918875932693481
0.765395998954773
0.3912372887134552
0.46352463960647583
0.44722849130630493
0.650783896446228
0.6298614144325256
0.482167512178421
0.6328086256980896
0.4706690013408661
0.446919709444046
0.5322310924530029
0.6950310468673706
0.8736562132835388
0.627998948097229
0.5427323579788208
0.6131097078323364
0.7772248387336731
0.48177570104599
0.5460038781166077
0.4519276022911072
0.5091471672058105
0.6688166856765747
0.6269261240959167
0.39222773909568787
0.4817114472389221
0.6510043740272522
0.6332325339317322
0.6939607262611389
0.5258777737617493
0.6253172159194946
0.4977514445781708
0.7821407914161682
0.38074395060539246
0.7270451188087463
0.6981043815612793
0.7882458567619324
0.5673827528953552
0.47395482659339905
0.5783512592315674
0.46055716276168823
0.5782319903373718
0.5684521198272705
0.583902895450592
0.6400638222694397
0.3498632609844208
0.2229640781879425
0.25751033425331116
0.7931329607963562
0.49320653080940247
0.3946986496448517
0.6406083703041077
0.7226604223251343
0.655739426612854
0.6904531121253967
0.6609561443328857
0.6054264307022095
0.30795931816101074
0.7532692551612854
0.46202942728996277
0.5337734818458557
0.6450403332710266
0.5555375218391418
0.7749145030975342
0.427899032831192
0.4836972951889038
0.43527930974960327
0.5705035924911499
0.3894355595111847
0.6388946771621704
0.715991199016571
0.5882954597473145
0.4955832362174988
0.7232611179351807
0.4863318204879761
0.3595414459705353
0.6458042860031128
0.6915186643600464
0.7060308456420898
0.5997359156608582
0.5027791857719421
0.3984948396682739
0.7602680921554565
0.497475266456604
0.751987874507904
0.5918418765068054
0.5896100997924805
0.5407626628875732
0.8130344152450562
0.4686387777328491
0.5374045968055725
0.4673890471458435
0.48968663811683655
0.2994617819786072
0.30966252088546753
0.6140552163124084
0.4018838107585907
0.6017855405807495
0.526091456413269
0.42682084441185
0.5854606628417969
0.6554352641105652
0.9123873114585876
0.6334502696990967
0.5280793309211731
0.5718430280685425
0.739892840385437
0.47843894362449646
0.6560839414596558
0.6249483227729797
0.48886698484420776
0.48700565099716187
0.46592262387275696
0.5662168860435486
0.6712930798530579
0.5680419206619263
0.4880078434944153
0.6486102342605591
0.6875932216644287
0.3851906657218933
0.3136674463748932
0.4906761944293976
0.5573689341545105
0.6326846480369568
0.3522648215293884
0.6126917600631714
0.7504457831382751
0.7182121276855469
0.5188047289848328
0.5248203277587891
0.3823607265949249
0.39985761046409607
0.5523344874382019
0.39354953169822693
0.3918342590332031
0.42660272121429443
0.5082550644874573
0.49028924107551575
0.5941734313964844
0.617785632610321
0.653571605682373
0.7560414671897888
0.5573062300682068
0.31111523509025574
0.3417017161846161
0.4327318072319031
0.7221471071243286
0.6822455525398254
0.5811954736709595
0.5183649063110352
0.676548421382904
0.6218568086624146
0.18688549101352692
0.4602350890636444
0.3725421726703644
0.6295390129089355
0.5304363369941711
0.6005213260650635
0.3736000061035156
0.48259100317955017
0.5163292288780212
0.5659772753715515
0.5637332797050476
0.6009329557418823
0.6364270448684692
0.40353310108184814
0.5728768706321716
0.5328295230865479
0.40939342975616455
0.6824004650115967
0.5858662128448486
0.4776368737220764
0.2612217962741852
0.6111911535263062
0.2959575057029724
0.6904552578926086
0.8482266068458557
0.6530067324638367
0.7203192114830017
0.5743419528007507
0.637024462223053
0.38818567991256714
0.5298084020614624
0.5407966375350952
0.6359341144561768
0.5497402548789978
0.5038799047470093
0.4846685230731964
0.6272864937782288
0.679343044757843
0.4525447189807892
0.7292919158935547
0.5146626830101013
0.5760060548782349
0.5820779204368591
0.7899677157402039
0.5682802796363831
0.68632972240448
0.45959416031837463
0.3585242033004761
0.5815441012382507
0.7876177430152893
0.484068900346756
0.5745278596878052
0.5629944205284119
0.42699530720710754
0.6461291313171387
0.296983003616333
0.6826281547546387
0.5009209513664246
0.5534954071044922
0.4781638979911804
0.4579904079437256
0.56724613904953
0.5378909111022949
0.5386964082717896
0.42536231875419617
0.6584406495094299
0.6964221596717834
0.4581695795059204
0.5066480040550232
0.44628438353538513
0.39657413959503174
0.403276652097702
0.31093430519104004
0.7149953842163086
0.5704280138015747
0.6162377595901489
0.3103233873844147
0.3605864644050598
0.2903325855731964
0.6941794157028198
0.8231890797615051
0.5501096248626709
0.48824408650398254
0.6591189503669739
0.5897437930107117
0.6656058430671692
0.4968597888946533
0.7033132314682007
0.6294549703598022
0.5694451332092285
0.43526893854141235
0.6646353602409363
0.5331953167915344
0.6533751487731934
0.5322170257568359
0.5915276408195496
0.7378031611442566
0.5790005326271057
0.7145258784294128
0.48542657494544983
0.6417838931083679
0.46207061409950256
0.7431719303131104
0.7264636158943176
0.5896316170692444
0.7549898624420166
0.5046765804290771
0.8457455039024353
0.6723973751068115
0.677164614200592
0.6750408411026001
0.5971992015838623
0.49860629439353943
0.7281819581985474
0.512261688709259
0.2990737557411194
0.7081462144851685
0.7996540069580078
0.6606285572052002
0.335593044757843
0.4574320912361145
0.5484730005264282
0.6273382902145386
0.4326273798942566
0.7189540863037109
0.3400689959526062
0.4326465427875519
0.5043418407440186
0.43855974078178406
0.5544441342353821
0.5025860667228699
0.6350199580192566
0.5963859558105469
0.4887371063232422
0.47134533524513245
0.47275546193122864
0.4801843762397766
0.4526074230670929
0.5422501564025879
0.6033909916877747
0.5179128646850586
0.6603767275810242
0.27335551381111145
0.666383683681488
0.5588170289993286
0.30073899030685425
0.6908687353134155
0.49466168880462646
0.3290385603904724
0.8287042379379272
0.6822466850280762
0.8670110106468201
0.39070582389831543
0.461858332157135
0.401571124792099
0.6124203205108643
0.4016794264316559
0.6595965027809143
0.5774305462837219
0.6090907454490662
0.4014326333999634
0.5546233057975769
0.6856998205184937
0.46424931287765503
0.6544578671455383
0.4549284875392914
0.7673560380935669
0.36328837275505066
0.7671388983726501
0.462653785943985
0.7366942167282104
0.5379413962364197
0.6243507266044617
0.6425783634185791
0.7838633060455322
0.6370070576667786
0.572162926197052
0.5343010425567627
0.5492136478424072
0.6599050760269165
0.750907838344574
0.5129416584968567
0.5548887848854065
0.7458246946334839
0.6564682126045227
0.39824190735816956
0.45229747891426086
0.6600931286811829
0.3108808398246765
0.5226840376853943
0.4810427725315094
0.7502759099006653
0.5351375341415405
0.6387925148010254
0.8189892768859863
0.6871956586837769
0.7144458293914795
0.7187305092811584
0.6004974842071533
0.6777009963989258
0.397864431142807
0.43485504388809204
0.5889579057693481
0.3949984908103943
0.39539262652397156
0.6008275747299194
0.6647279262542725
0.5815485119819641
0.5098066926002502
0.739854097366333
0.7692265510559082
0.7223701477050781
0.7285855412483215
0.701575756072998
0.710931658744812
0.5923130512237549
0.6602242588996887
0.7030335664749146
0.8213568925857544
0.8212323188781738
0.8647234439849854
0.5785245895385742
0.6011780500411987
0.6942030191421509
0.7592214941978455
0.7004644870758057
0.2696515619754791
0.278650164604187
0.5722141861915588
0.5945830941200256
0.6101245880126953
0.7473553419113159
0.6453275680541992
0.5434660911560059
0.3562803566455841
0.42637938261032104
0.5532415509223938
0.5715835094451904
0.3990590572357178
0.6096636056900024
0.5458319783210754
0.5981941223144531
0.6333932876586914
0.5106525421142578
0.7336038947105408
0.5460658669471741
0.4973583519458771
0.6723204851150513
0.4773954451084137
0.8013767600059509
0.49644556641578674
0.43044397234916687
0.5709341764450073
0.5478270053863525
0.6723669767379761
0.5370532274246216
0.5353711843490601
0.4689839780330658
0.604120671749115
0.5015140175819397
0.5221230387687683
0.8041458129882812
0.5733433365821838
0.483794629573822
0.7158098816871643
0.6813039183616638
0.48336589336395264
0.5860893130302429
0.40713706612586975
0.6472079753875732
0.7755018472671509
0.5308245420455933
0.4456534683704376
0.7011304497718811
0.6665209531784058
0.3078894317150116
0.32840853929519653
0.666114866733551
0.6815932989120483
0.6986966729164124
0.6963496804237366
0.55266934633255
0.35390225052833557
0.8530616760253906
0.5157229900360107
0.5647768378257751
0.6454896330833435
0.5356012582778931
0.3868371844291687
0.3937762677669525
0.26306360960006714
0.49654895067214966
0.6266146302223206
0.6386865377426147
0.5627996921539307
0.6198572516441345
0.5058062672615051
0.7146435976028442
0.7605433464050293
0.7190566062927246
0.5591649413108826
0.40841808915138245
0.6149536967277527
0.47350776195526123
0.7727516293525696
0.7259187698364258
0.6401751041412354
0.5058271288871765
0.4693388342857361
0.6653465628623962
0.846632719039917
0.7512954473495483
0.7769500613212585
0.6042017340660095
0.533466100692749
0.6958287954330444
0.5912805795669556
0.5865401029586792
0.4334198534488678
0.6597132086753845
0.7480897307395935
0.6195967793464661
0.6570255160331726
0.6009467840194702
0.7341803908348083
0.8754577040672302
0.7613537311553955
0.3307318091392517
0.26582446694374084
0.6344197392463684
0.4872605800628662
0.8429235816001892
0.47090110182762146
0.6860448718070984
0.4577471613883972
0.5122634768486023
0.3806719183921814
0.4560838043689728
0.3833492398262024
0.4097636342048645
0.2857414186000824
0.6336302161216736
0.5684624910354614
0.7405326962471008
0.44936296343803406
0.4337228238582611
0.7826530933380127
0.402062326669693
0.6782593727111816
0.6015987992286682
0.5219919085502625
0.669262707233429
0.6955127716064453
0.3481605648994446
0.6641239523887634
0.422698050737381
0.3337685167789459
0.5134744644165039
0.6835246086120605
0.5218862891197205
0.5342264175415039
0.5822358727455139
0.6945195198059082
0.6633686423301697
0.4065323770046234
0.4566679000854492
0.40551239252090454
0.5596662759780884
0.6671775579452515
0.793544352054596
0.6945502758026123
0.5008119344711304
0.6231164932250977
0.5800759196281433
0.33430445194244385
0.39904719591140747
0.7293799519538879
0.5625060796737671
0.6501825451850891
0.7586557269096375
0.47280412912368774
0.6899169087409973
0.6633544564247131
0.6168190836906433
0.5853980779647827
0.680462121963501
0.6062246561050415
0.5289220809936523
0.7870364785194397
0.4390636086463928
0.6902514100074768
0.7255237102508545
0.7080395221710205
0.5731297731399536
0.5079131126403809
0.3619493246078491
0.4692951738834381
0.5290082693099976
0.7360106706619263
0.6830422282218933
0.5299537777900696
0.352736234664917
0.7320032715797424
0.4954955577850342
0.6678380370140076
0.6426706314086914
0.9999994039535522
0.7090169191360474
0.9640172719955444
0.6414259672164917
0.6314789652824402
0.5926018357276917
0.7132900953292847
0.5217130184173584
0.6191821694374084
0.427468478679657
0.5110570788383484
0.5329926013946533
0.538274347782135
0.6092832088470459
0.7112679481506348
0.49584436416625977
0.618571937084198
0.4638361930847168
0.6353443264961243
0.7514017224311829
0.5488119721412659
0.5831480026245117
0.7185651659965515
0.5322067737579346
0.6827228665351868
0.5114470720291138
0.41903412342071533
0.4425905644893646
0.3778170049190521
0.2187708169221878
0.44440165162086487
0.5122002959251404
0.5863811373710632
0.6549944877624512
0.7095376253128052
0.33712294697761536
0.3108704090118408
0.3803514838218689
0.3585559129714966
0.4110621511936188
0.722714364528656
0.4108273983001709
0.5960293412208557
0.6005615592002869
0.7061892151832581
0.38454464077949524
0.6397612690925598
0.5343368053436279
0.4065260887145996
0.6849681735038757
0.5850571990013123
0.4168718457221985
0.8487252593040466
0.6694991588592529
0.7223857045173645
0.6094549894332886
0.4436103105545044
0.39574337005615234
0.8378829956054688
0.5492773056030273
0.5925166606903076
0.6841484308242798
0.8013424873352051
0.7656920552253723
0.36550259590148926
0.2623927891254425
0.5944539308547974
0.5960857272148132
0.673538327217102
0.6812224984169006
0.5995457172393799
0.4073190987110138
0.24915756285190582
0.6788790822029114
0.5375259518623352
0.7506055235862732
0.6238257884979248
0.6770039200782776
0.3850655257701874
0.9494282007217407
0.5113652944564819
0.7962251305580139
0.6008654236793518
0.7319152355194092
0.5507327914237976
0.3027557134628296
0.23074471950531006
0.3733569085597992
0.5947079658508301
0.3592666685581207
0.7541074752807617
0.7196894288063049
