0.9999994039535522
0.39596474170684814
0.3248435854911804
0.5049030780792236
0.282503604888916
0.7452070713043213
0.5029628276824951
0.5685368776321411
0.26259610056877136
0.44926154613494873
0.40433362126350403
0.6586741805076599
0.24754397571086884
0.438312828540802
0.24380312860012054
0.31136399507522583
0.6728026866912842
0.3167298436164856
0.3140421509742737
0.31672585010528564
0.3344731628894806
0.32647931575775146
0.1885451227426529
0.24843549728393555
0.3383050560951233
0.5191320180892944
0.2250700443983078
0.4318857789039612
0.6618236303329468
0.33385902643203735
0.45889201760292053
0.26847362518310547
0.42861291766166687
0.5716538429260254
0.4467059373855591
0.4989956021308899
0.38664335012435913
0.28561922907829285
0.3935445547103882
0.23719251155853271
0.4526626467704773
0.26461392641067505
0.4837906062602997
0.4952099323272705
0.7969406247138977
0.6599834561347961
0.5662177205085754
0.4800451993942261
0.4827282130718231
0.19709543883800507
0.5962505340576172
0.16360114514827728
0.3630082905292511
0.6579188108444214
0.5550582408905029
0.3471006453037262
0.3323687016963959
0.3603940010070801
0.3372132182121277
0.5943883061408997
0.4253527820110321
0.640677273273468
0.45750153064727783
0.4497344195842743
0.40797868371009827
0.6098199486732483
0.5133408308029175
0.5286328196525574
0.3644396662712097
0.3404684364795685
0.36431822180747986
0.33840423822402954
0.32284820079803467
0.35011234879493713
0.5420837998390198
0.41227903962135315
0.5695013999938965
0.49296844005584717
0.4141726791858673
0.3772294223308563
0.35110577940940857
0.4074268341064453
0.45865726470947266
0.6606320142745972
0.41069111227989197
0.4838119447231293
0.4073309600353241
0.2923036217689514
0.27020490169525146
0.4096398651599884
0.4276425242424011
0.36957240104675293
0.23615044355392456
0.22541408240795135
0.4478556215763092
0.2152073234319687
0.5737914443016052
0.3726222515106201
0.35846787691116333
0.6096647381782532
0.5250449180603027
0.48220035433769226
0.4254172742366791
0.5045008063316345
0.4069529175758362
0.6051522493362427
0.3448992371559143
0.2614104151725769
0.6090667247772217
0.4771302342414856
0.6592596769332886
0.42267197370529175
0.47842857241630554
0.39067310094833374
0.39086058735847473
0.36772581934928894
0.4180072546005249
0.4892013370990753
0.3468272387981415
0.19605660438537598
0.4096432030200958
0.43904799222946167
0.5603612661361694
0.8995656371116638
0.6669918298721313
0.30043166875839233
0.3734833598136902
0.21756835281848907
0.4657258987426758
0.2922459840774536
0.2540954053401947
0.2878015339374542
0.35444363951683044
0.47192296385765076
0.25376009941101074
0.5651829838752747
0.2651798129081726
0.41850778460502625
0.41254350543022156
0.4322241544723511
0.3219921290874481
0.6689839959144592
0.40765106678009033
0.3195134699344635
0.2301635891199112
0.2659362852573395
0.5045855045318604
0.4545424282550812
0.5974380373954773
0.27574437856674194
0.37018874287605286
0.2634695768356323
0.33262717723846436
0.41797900199890137
0.4141646921634674
0.4780309498310089
0.2727140188217163
0.5055047869682312
0.46756672859191895
0.5844287276268005
0.21523982286453247
0.7578913569450378
0.21016789972782135
0.4737365245819092
0.332195520401001
0.48764684796333313
0.36077260971069336
0.40066084265708923
0.41022512316703796
0.5960209369659424
0.564484179019928
0.28761181235313416
0.35730376839637756
0.29071304202079773
0.36365291476249695
0.4339887201786041
0.5019090175628662
0.6249754428863525
0.4271746277809143
0.3720340430736542
0.4427177608013153
0.386844277381897
0.5232629776000977
0.5644305944442749
0.4499512314796448
0.5629245638847351
0.32681119441986084
0.5372495651245117
0.27864259481430054
0.40892255306243896
0.5388964414596558
0.47499480843544006
0.607738196849823
0.33753544092178345
0.5443239212036133
0.2578437626361847
0.32601553201675415
0.27415236830711365
0.3001268804073334
0.3042556047439575
0.5081144571304321
0.46141380071640015
0.2580573856830597
0.4644049406051636
0.24683287739753723
0.6103502511978149
0.2363574504852295
0.5147168636322021
0.6381943225860596
0.2589901387691498
0.4335775673389435
0.4491255581378937
0.3706480860710144
0.3595622777938843
0.36366525292396545
0.3559129238128662
0.4491502046585083
0.4073270559310913
0.32262682914733887
0.4062687158584595
0.6948257088661194
0.5804471969604492
0.3675650358200073
0.47091391682624817
0.28876709938049316
0.4989721179008484
0.4783618152141571
0.48139968514442444
0.6692057251930237
0.4992368519306183
0.25793811678886414
0.4204305410385132
0.5198385715484619
0.3458915054798126
0.3207207918167114
0.5687506198883057
0.49580225348472595
0.37152519822120667
0.25491634011268616
0.6143007278442383
0.2752862274646759
0.4869653284549713
0.2586108446121216
0.607040286064148
0.26556628942489624
0.26512759923934937
0.5132550001144409
0.3437938392162323
0.4539698362350464
0.6150400638580322
0.38929975032806396
0.48724883794784546
0.8741288781166077
0.42969411611557007
0.3675452470779419
0.43711331486701965
0.3113170564174652
0.5289821028709412
0.624544620513916
0.6313425302505493
0.4660305082798004
0.5398977398872375
0.5018871426582336
0.45590898394584656
0.6526297926902771
0.6742050647735596
0.3624301254749298
0.4010486602783203
0.3241502046585083
0.2929040491580963
0.5136217474937439
0.6014197468757629
0.5084524154663086
0.2735126316547394
0.24101325869560242
0.41205617785453796
0.28031012415885925
0.3347271680831909
0.3800552189350128
0.4746108651161194
0.8335849046707153
0.5506419539451599
0.21002691984176636
0.48703432083129883
0.5314111113548279
0.41621172428131104
0.3643329441547394
0.304702490568161
0.4657570719718933
0.3756723403930664
0.4258032441139221
0.5843556523323059
0.3823564946651459
0.6928184628486633
0.5628511309623718
0.4144914746284485
0.6299060583114624
0.38510870933532715
0.2888147532939911
0.3824336528778076
0.37979447841644287
0.3079310655593872
0.647473156452179
0.20059926807880402
0.47210800647735596
0.2679480016231537
0.4693586528301239
0.24850912392139435
0.4675573706626892
0.4646981954574585
0.24858196079730988
0.3959923982620239
0.2319432944059372
0.39330875873565674
0.662151575088501
0.7274624705314636
0.3547280430793762
0.2968094050884247
0.4081372320652008
0.354523628950119
0.3181198835372925
0.322323739528656
0.692842423915863
0.44419944286346436
0.6195968389511108
0.3618638515472412
0.3565005362033844
0.46115463972091675
0.509407639503479
0.32590317726135254
0.47199565172195435
0.6507894992828369
0.47277170419692993
0.2923007309436798
0.29588839411735535
0.44186151027679443
0.5130054354667664
0.48211464285850525
0.5150167942047119
0.6107621788978577
0.3176797330379486
0.3421289920806885
0.600950300693512
0.4728708267211914
0.5558021664619446
0.31568801403045654
0.5478340983390808
0.19491851329803467
0.5512279868125916
0.22393247485160828
0.3118748664855957
0.3452768325805664
0.232894629240036
0.5463286638259888
0.36036646366119385
0.6417026519775391
0.44525769352912903
0.3244169056415558
0.2074551284313202
0.5319480895996094
0.4944533407688141
0.54886794090271
0.5493744015693665
0.4803140461444855
0.3991071283817291
0.35144054889678955
0.4782871603965759
0.51607346534729
0.4498308300971985
0.49720197916030884
0.29242560267448425
0.36408233642578125
0.53804612159729
0.6513769626617432
0.5662718415260315
0.42310234904289246
0.6521527171134949
0.43881505727767944
0.2804643511772156
0.49775296449661255
0.36923593282699585
0.37356916069984436
0.468971848487854
0.4508134722709656
0.46452245116233826
0.583861231803894
0.18598279356956482
0.28926393389701843
0.2471865713596344
0.556583046913147
0.4315374195575714
0.40640395879745483
0.437840074300766
0.6053754687309265
0.242210254073143
0.5586076974868774
0.25485295057296753
0.28913572430610657
0.3923274576663971
0.2567627429962158
0.6283994913101196
0.28809186816215515
0.3631391227245331
0.3137650191783905
0.32264208793640137
0.3400247097015381
0.5344446301460266
0.4927572011947632
0.375998318195343
0.6613048911094666
0.5696752667427063
0.6056268215179443
0.5606448650360107
0.7727301120758057
0.5423792600631714
0.6468187570571899
0.5844497680664062
0.7907013297080994
0.2640555500984192
0.6787201166152954
0.392375648021698
0.192290261387825
0.39997684955596924
0.41542065143585205
0.49823516607284546
0.4522818922996521
0.33445319533348083
0.4118034839630127
0.32379427552223206
0.42917510867118835
0.4007795751094818
0.528754472732544
0.4450015127658844
0.5261151790618896
0.33934393525123596
0.2639649510383606
0.3017154932022095
0.3774305284023285
0.34630730748176575
0.3643474876880646
0.6353359818458557
0.5395713448524475
0.5150171518325806
0.5248966813087463
0.38423216342926025
0.6416799426078796
0.22560153901576996
0.34723103046417236
0.5721411108970642
0.6375085711479187
0.3030574321746826
0.5265533924102783
0.6681719422340393
0.6110544800758362
0.5207118391990662
0.3035184144973755
0.481580913066864
0.5327448844909668
0.3419184386730194
0.37538671493530273
0.7394489049911499
0.6510848999023438
0.4044314920902252
0.7245189547538757
0.8046799898147583
0.3121544420719147
0.7109543085098267
0.44204261898994446
0.2959778308868408
0.4351755380630493
0.6085146069526672
0.3499133586883545
0.4818993806838989
0.3774416446685791
0.5234484076499939
0.343181312084198
0.1984916627407074
0.446309357881546
0.3852275609970093
0.38999754190444946
0.44036000967025757
0.5250319242477417
0.3964730501174927
0.47569742798805237
0.3729384243488312
0.6622405052185059
0.23104900121688843
0.35891932249069214
0.5130552053451538
0.4806845188140869
0.5189809799194336
0.273151695728302
0.5596535801887512
0.30161115527153015
0.47374671697616577
0.3039124608039856
0.5163139700889587
0.39708268642425537
0.3181253969669342
0.4537155032157898
0.35486477613449097
0.42939916253089905
0.3586268723011017
0.1542181670665741
0.35088977217674255
0.4185498058795929
0.6528905034065247
0.1742001622915268
0.48612016439437866
0.5433450937271118
0.6486718058586121
0.46029365062713623
0.6472639441490173
0.1846923530101776
0.3188835382461548
0.3033606708049774
0.5500068068504333
0.38787445425987244
0.43827709555625916
0.4095015525817871
0.3362639248371124
0.6273951530456543
0.6054499745368958
0.40690886974334717
0.3918941915035248
0.20115257799625397
0.2510833144187927
0.15453864634037018
0.6509169340133667
0.3499518632888794
0.5373327136039734
0.31990325450897217
0.6711422204971313
0.6047683358192444
0.5339831113815308
0.5435255765914917
0.577248752117157
0.4399411678314209
0.6506666541099548
0.3775915503501892
0.6078549027442932
0.46875083446502686
0.41228315234184265
0.5837336778640747
0.40757104754447937
0.4450750946998596
0.5895715355873108
0.782513439655304
0.35439014434814453
0.23158207535743713
0.5301262736320496
0.39014193415641785
0.39211559295654297
0.3118565082550049
0.5746033191680908
0.5705313086509705
0.6474497318267822
0.38735488057136536
0.2952447533607483
0.6307222843170166
0.16426971554756165
0.27273619174957275
0.4314084053039551
0.5305567979812622
0.18900994956493378
0.610403299331665
0.5726203322410583
0.3881843090057373
0.3753676414489746
0.37428730726242065
0.34746989607810974
0.37889063358306885
0.4321298599243164
0.5383429527282715
0.39548051357269287
0.34975525736808777
0.28309476375579834
0.4573236107826233
0.4986043870449066
0.2649399936199188
0.3444918990135193
0.3842083513736725
0.34162455797195435
0.4619083106517792
0.697008490562439
0.3522426187992096
0.15525580942630768
0.644736647605896
0.4990772604942322
0.3776673376560211
0.28913989663124084
0.33101731538772583
0.5629900097846985
0.45075440406799316
0.4083998501300812
0.43516144156455994
0.48207008838653564
0.4617570638656616
0.3043610751628876
0.3122086822986603
0.6127582788467407
0.27066361904144287
0.34189271926879883
0.5435450077056885
0.3045485019683838
0.47558921575546265
0.3449035584926605
0.5441552996635437
0.48882031440734863
0.6196117997169495
0.37091264128685
0.38207483291625977
0.3560534417629242
0.33322006464004517
0.5581708550453186
0.2164718210697174
0.6569982767105103
0.5365164875984192
0.33138570189476013
0.3794276714324951
0.2253103107213974
0.3691791892051697
0.4204447567462921
0.498306542634964
0.35952454805374146
0.4854157269001007
0.48629581928253174
0.5325075387954712
0.29405635595321655
0.6893271207809448
0.34113675355911255
0.5629085898399353
0.633733332157135
0.6806625127792358
0.3471658527851105
0.5983246564865112
0.5823631286621094
0.29713720083236694
0.2891766428947449
0.25481441617012024
0.4239170253276825
0.41324806213378906
0.4214516282081604
0.19339343905448914
0.4964566230773926
0.335384339094162
0.5995333790779114
0.31857654452323914
0.4705563485622406
0.40740132331848145
0.3682461082935333
0.22609522938728333
0.34429046511650085
0.220396026968956
0.2668105661869049
0.4779256582260132
0.5682334899902344
0.33341386914253235
0.21141667664051056
0.4687993824481964
0.6365545988082886
0.5780692100524902
0.6405055522918701
0.4576132297515869
0.41127723455429077
0.481225848197937
0.23846650123596191
0.5573850870132446
0.42541274428367615
0.38780152797698975
0.3672997057437897
0.26035377383232117
0.3034614026546478
0.2556646466255188
0.5679433941841125
0.8209477066993713
0.40149229764938354
0.5806996822357178
0.2954579293727875
0.20626325905323029
0.4762305021286011
0.53702712059021
0.37280258536338806
0.3544842004776001
0.30201929807662964
0.382866233587265
0.5897029638290405
0.4379417896270752
0.5055049061775208
0.3444962203502655
0.5141072869300842
0.619531512260437
0.5210338234901428
0.719418466091156
0.395232230424881
0.4105178713798523
0.30708563327789307
0.5630151629447937
0.33144551515579224
0.4031504690647125
0.29680684208869934
0.3650667071342468
0.29072874784469604
0.5943103432655334
0.2741733193397522
0.49445703625679016
0.7502138614654541
0.7461797595024109
0.35961082577705383
0.4785812199115753
0.5113669037818909
0.3606950342655182
0.47319814562797546
0.2566569447517395
0.5784978270530701
0.24774888157844543
0.5118502974510193
0.44777873158454895
0.7108014225959778
0.37573567032814026
0.37993812561035156
0.49555104970932007
0.363399863243103
0.3913339674472809
0.4618607759475708
0.46730732917785645
0.6540670990943909
0.4130312502384186
0.524677574634552
0.5931377410888672
0.40287911891937256
0.526906430721283
0.2520908713340759
0.6219304800033569
0.5317670106887817
0.4282074570655823
0.34439417719841003
0.6209192276000977
0.36054155230522156
0.2950047254562378
0.5424633622169495
0.6312557458877563
0.36217448115348816
0.4553424119949341
0.3569487929344177
0.47936534881591797
0.47171130776405334
0.3236435651779175
0.24884815514087677
0.5445632934570312
0.3915729522705078
0.27005866169929504
0.34307941794395447
0.27644407749176025
0.48604869842529297
0.4619395136833191
0.6284302473068237
0.6426895260810852
0.6621587872505188
0.386512815952301
0.6626815795898438
0.28404244780540466
0.5164588093757629
0.2816386818885803
0.45272964239120483
0.5631616711616516
0.5460201501846313
0.41355839371681213
0.7513661980628967
0.46099579334259033
0.4603901505470276
0.42920905351638794
0.227057084441185
0.6627124547958374
0.36850282549858093
0.5265204906463623
0.653091311454773
0.4257018268108368
0.35475292801856995
0.44603633880615234
0.22775888442993164
0.6294548511505127
0.2938080430030823
0.35409584641456604
0.4011099934577942
0.33794859051704407
0.2633799612522125
0.5395405292510986
0.668449878692627
0.4821341633796692
0.4459688067436218
0.23744086921215057
0.3308238387107849
0.27680131793022156
0.47069981694221497
0.331630140542984
0.4372011721134186
0.5203664302825928
0.32011842727661133
0.312491774559021
0.6049237251281738
0.3691256046295166
0.6581687331199646
0.30082231760025024
0.2334357500076294
0.2690947651863098
0.43858376145362854
0.3062114715576172
0.33965104818344116
0.5238704681396484
0.3401533365249634
0.27006426453590393
0.1975608915090561
0.7311379313468933
0.5926839709281921
0.3380354642868042
0.8539604544639587
0.3676181733608246
0.44231903553009033
0.5116881132125854
0.52796471118927
0.4357348382472992
0.45776963233947754
0.344495564699173
0.6379935145378113
0.34064778685569763
0.7157732844352722
0.5221723914146423
0.47675326466560364
0.41611742973327637
0.5338327288627625
0.8201714158058167
0.22284121811389923
0.7652076482772827
0.4144509434700012
0.5232644081115723
0.3735203444957733
0.35526594519615173
0.6172884702682495
0.5504847764968872
0.6880578398704529
0.5573471784591675
0.4344128966331482
0.18342941999435425
0.20106245577335358
0.4298844039440155
0.3314436674118042
0.37749961018562317
0.6656349897384644
0.2549348771572113
0.5021114945411682
0.25113439559936523
0.4208366870880127
0.5200077295303345
0.482776939868927
0.529660701751709
0.4419345259666443
0.3857623338699341
0.41111719608306885
0.386078804731369
0.47541648149490356
0.36801937222480774
0.26018691062927246
0.30093827843666077
0.7126420736312866
0.22103969752788544
0.2603156864643097
0.5633926391601562
0.5178599953651428
0.45713284611701965
0.47352394461631775
0.3420407474040985
0.5381249785423279
0.28293341398239136
0.4119844436645508
0.4238082766532898
0.5233551263809204
0.5338370203971863
0.5699654221534729
0.3568275570869446
0.38702794909477234
0.5339653491973877
0.35584259033203125
0.5026769042015076
0.4117116332054138
0.3684748113155365
0.41611719131469727
0.26517704129219055
0.4764058291912079
0.541920006275177
0.8319603204727173
0.32875555753707886
0.5224689841270447
0.13735923171043396
0.2918829619884491
0.44818973541259766
0.4131696820259094
0.4625241756439209
0.3604094982147217
0.554631769657135
0.48712676763534546
0.32532691955566406
0.6851405501365662
0.7769615054130554
0.3597097396850586
0.5994934439659119
0.5837098360061646
0.32076504826545715
0.36303040385246277
0.4709841012954712
0.28909599781036377
0.40752071142196655
0.5954189896583557
0.40654411911964417
0.39538300037384033
0.28914231061935425
0.4832736849784851
0.35380759835243225
0.48145759105682373
0.6771543622016907
0.27681997418403625
0.47894346714019775
0.4607136845588684
0.3519660532474518
0.38132748007774353
0.40722784399986267
0.39496877789497375
0.38989031314849854
0.4080173373222351
0.5247289538383484
0.3341982662677765
0.41715309023857117
0.6155809760093689
0.529819905757904
0.5540740489959717
0.435654878616333
0.3997613191604614
0.41149038076400757
0.491695374250412
0.2633429169654846
0.22436542809009552
0.5720113515853882
0.4254415035247803
0.5676175355911255
0.5963483452796936
0.44367024302482605
0.47700878977775574
0.3013268709182739
0.39719897508621216
0.2493855506181717
0.2574145197868347
0.24231532216072083
0.2982707619667053
0.4240438640117645
0.7436019778251648
0.3159307837486267
0.3824250400066376
0.44562989473342896
0.4495205879211426
0.5184381008148193
0.5075777769088745
0.4420289099216461
0.34359249472618103
0.42428478598594666
0.5015165209770203
0.5119550824165344
0.32993704080581665
0.5374916791915894
0.5443083643913269
0.8238528370857239
0.29826781153678894
0.38709577918052673
0.2999165952205658
0.2783133089542389
0.5349440574645996
0.3709906041622162
0.5110488533973694
0.3211137354373932
0.195465087890625
0.43503350019454956
0.49526968598365784
0.3648363947868347
0.5111589431762695
0.46156609058380127
0.4174121618270874
0.7100008130073547
0.26924026012420654
0.6480004787445068
0.5580428838729858
0.336992084980011
0.6317477822303772
0.4761573374271393
0.611761212348938
0.2389729917049408
0.3030949831008911
0.2455649971961975
0.5571786165237427
0.5912632942199707
0.29698440432548523
0.5125837922096252
0.23495325446128845
0.5167403817176819
0.3614502549171448
0.2447630912065506
0.3095521628856659
0.7130540013313293
0.3123333156108856
0.33920955657958984
0.30355677008628845
0.5358218550682068
0.4106918275356293
0.28203925490379333
0.5649467706680298
0.3380557894706726
0.33561334013938904
0.4922083616256714
0.2592417597770691
0.16933152079582214
0.28144046664237976
0.41299206018447876
0.5385998487472534
0.3685521185398102
0.37821924686431885
0.3412491977214813
0.23123185336589813
0.38506776094436646
0.30852529406547546
0.20422077178955078
0.2878981828689575
0.5354558229446411
0.42507225275039673
0.3534313440322876
0.3402143716812134
0.36622917652130127
0.7294999361038208
0.2698019742965698
0.4124389588832855
0.13474249839782715
0.6341779232025146
0.4323633909225464
0.4905143976211548
0.32188892364501953
0.262641042470932
0.4312842786312103
0.3867202699184418
0.2804613709449768
0.3906834125518799
0.3772044777870178
0.5714924335479736
0.6532046794891357
0.5207458138465881
0.3516523540019989
0.20774254202842712
0.2477039396762848
0.3670107424259186
0.381058007478714
0.4479817748069763
0.49903568625450134
0.48078611493110657
0.3635671138763428
0.21690554916858673
0.3024367392063141
0.5668506026268005
0.30210328102111816
0.37560680508613586
0.2985566258430481
0.4106540083885193
0.1940125823020935
0.48497867584228516
0.4154789447784424
0.5846667885780334
0.5724036693572998
0.2594417333602905
0.6211713552474976
0.4135039448738098
0.49347126483917236
0.4338553249835968
0.2849084138870239
0.35057350993156433
0.20769979059696198
0.2938671112060547
0.38633134961128235
0.36677679419517517
0.33265483379364014
0.21250766515731812
0.46938779950141907
0.3042469620704651
0.4580884575843811
0.41342929005622864
0.5255090594291687
0.3416961133480072
0.6057515144348145
0.7046251893043518
0.3958505094051361
0.5233520269393921
0.39915648102760315
0.762708842754364
0.4155830144882202
0.23037675023078918
0.49423494935035706
0.48867663741111755
0.2780090272426605
0.2799513339996338
0.6691078543663025
0.5193716883659363
0.37053152918815613
0.4988759458065033
0.33338895440101624
0.47062402963638306
0.4579448401927948
0.5641431212425232
0.617834746837616
0.6294910311698914
0.5438305139541626
0.37641286849975586
0.48854950070381165
0.47356048226356506
0.4802824854850769
0.21361958980560303
0.5727984309196472
0.22968760132789612
0.4703899025917053
0.28389281034469604
0.7097657918930054
0.3682594895362854
0.49631959199905396
0.31147336959838867
0.16481244564056396
0.19199831783771515
0.21088707447052002
0.20526178181171417
0.6134024262428284
0.22271060943603516
0.5394415259361267
0.4748033285140991
0.462555468082428
0.5757361054420471
0.794917106628418
0.42291414737701416
0.46318069100379944
0.3186279535293579
0.43407681584358215
0.3027018904685974
0.2775472402572632
0.39481237530708313
0.6255623698234558
0.3795260488986969
0.3226955533027649
0.48321768641471863
0.6932440400123596
0.4073309600353241
0.6537571549415588
0.31085050106048584
0.30765867233276367
0.3534580171108246
0.22376932203769684
0.7527496814727783
0.4863458275794983
0.3901924788951874
0.24296317994594574
0.41118377447128296
0.40175408124923706
0.4137161374092102
0.41504809260368347
0.528658390045166
0.42935898900032043
0.27072232961654663
0.5272725820541382
0.2430737018585205
0.46325576305389404
0.5665554404258728
0.5404794216156006
0.5114637613296509
0.3571244180202484
0.6086087226867676
0.47734370827674866
0.23629829287528992
0.5170111060142517
0.3211157023906708
0.26479366421699524
0.3128417432308197
0.28155839443206787
0.42988157272338867
0.37674471735954285
0.2889690399169922
0.309060662984848
0.5178244709968567
0.3445011377334595
0.16510212421417236
0.6084421277046204
0.32209789752960205
0.3414557874202728
0.5752190351486206
0.44391751289367676
0.36325424909591675
0.5173649787902832
0.4193399250507355
0.17993029952049255
0.17515209317207336
0.4732425808906555
0.5387397408485413
0.32099658250808716
0.6726183295249939
0.5432273149490356
0.14992491900920868
0.24668997526168823
0.1935732364654541
0.5454973578453064
0.3417629599571228
0.4227566719055176
0.4703764319419861
0.4641615152359009
0.3819945752620697
0.29402923583984375
0.27495676279067993
0.9317463040351868
0.521440863609314
0.6066483855247498
0.31630685925483704
0.5854487419128418
0.48949819803237915
0.4407426118850708
0.3742048144340515
0.45346343517303467
0.732787013053894
0.3663875460624695
0.423607736825943
0.2691453695297241
0.3692207336425781
0.33727359771728516
0.34014931321144104
0.2914692163467407
0.6768563389778137
0.19842016696929932
0.20905567705631256
0.1855912208557129
0.31472742557525635
0.25251322984695435
0.5766294002532959
0.37095749378204346
0.49612706899642944
0.4422405958175659
0.7154474854469299
0.39979544281959534
0.4464246332645416
0.32198503613471985
0.4097253382205963
0.3846803903579712
0.7904224991798401
0.4005719721317291
0.5883684158325195
0.5442013740539551
0.21560975909233093
0.3543980121612549
0.39101654291152954
0.4999522268772125
0.5791162848472595
0.45272326469421387
0.3454296290874481
0.6857526898384094
0.1486373096704483
0.22429673373699188
0.5492086410522461
0.3065277636051178
0.5207499861717224
0.3535347282886505
0.2164180725812912
0.49058282375335693
0.51686692237854
0.4496082663536072
0.43835684657096863
0.36270204186439514
0.4784094989299774
0.24666599929332733
0.7448133826255798
0.5999063849449158
0.3637710213661194
0.4189245402812958
0.4543047845363617
0.3486148715019226
0.5470669865608215
0.5900571942329407
0.4980364441871643
0.3978274166584015
0.43113020062446594
0.4025380611419678
0.534670889377594
0.3115224540233612
0.5255894660949707
0.2786983549594879
0.4534994959831238
0.44097769260406494
0.46057450771331787
0.3669854998588562
0.422995924949646
0.7260167002677917
0.32799044251441956
0.6462651491165161
0.4054393470287323
0.28884363174438477
0.33147457242012024
0.4811457395553589
0.33834752440452576
0.3234771490097046
0.22816960513591766
0.27757740020751953
0.39778244495391846
0.7448853254318237
0.4642440378665924
0.20810334384441376
0.5771085619926453
0.4635743498802185
0.308315634727478
0.39377760887145996
0.31808677315711975
0.45234087109565735
0.37053021788597107
0.5165715217590332
0.6404250860214233
0.5451697111129761
0.3464418351650238
0.3167863190174103
0.32600146532058716
0.2324226051568985
0.2417370229959488
0.5082138776779175
0.4047887325286865
0.5072867274284363
0.6419051289558411
0.43830057978630066
0.480129599571228
0.6355841159820557
0.4400671422481537
0.344784677028656
0.3452969193458557
0.2896897792816162
0.601252555847168
0.4326452910900116
0.450471431016922
0.6882432699203491
0.33448460698127747
0.3767686188220978
0.487714558839798
0.2672595679759979
0.522193431854248
0.5328748822212219
0.18689538538455963
0.4425322115421295
0.3176940381526947
0.7762284874916077
0.2560696303844452
0.45336177945137024
0.46219581365585327
0.4124199450016022
0.30027177929878235
0.4403575360774994
0.624163806438446
0.3951994776725769
0.46980929374694824
0.5908697247505188
0.5686064958572388
0.42973649501800537
0.4645897448062897
0.3476141095161438
0.6156730055809021
0.42592984437942505
0.4194985330104828
0.5859721899032593
0.40045589208602905
0.6272038221359253
0.2863112688064575
0.5667358040809631
0.3474518358707428
0.2367938756942749
0.5242109298706055
0.3837836682796478
0.6160635948181152
0.43367087841033936
0.5535172820091248
0.3404368460178375
0.28205403685569763
0.5614955425262451
0.4830051362514496
0.6793063879013062
0.6983119249343872
0.6854918003082275
0.5163829326629639
0.3743376135826111
0.5468994975090027
0.4954540431499481
0.660812258720398
0.40581420063972473
0.3596670925617218
0.35421374440193176
0.4378080666065216
0.47483301162719727
0.4956323206424713
0.3729444146156311
0.39483898878097534
0.6590970158576965
0.42428046464920044
0.49178779125213623
0.5009183287620544
0.47198083996772766
0.4227660894393921
0.813831627368927
0.7636703252792358
0.4988105297088623
0.3921941816806793
0.45012545585632324
0.6551910042762756
0.760040283203125
0.32682812213897705
0.7000937461853027
0.5176954865455627
0.38689422607421875
0.217809796333313
0.22029411792755127
0.4746650755405426
0.43751758337020874
0.4739847481250763
0.4234744906425476
0.5575963258743286
0.39127203822135925
0.30761316418647766
0.495271235704422
0.40172621607780457
0.6436697840690613
0.7047613263130188
0.2029656171798706
0.8357979655265808
0.5506460666656494
0.6596503257751465
0.4816013276576996
0.45143434405326843
0.5850436687469482
0.49004507064819336
0.4180823266506195
0.3886970579624176
0.42690426111221313
0.4717218577861786
0.5884723663330078
0.6506055593490601
0.35897213220596313
0.38966450095176697
0.605618953704834
0.5764378309249878
0.5850663185119629
0.2378910630941391
0.31042858958244324
0.4338338375091553
0.5691054463386536
0.5752050876617432
0.2942790687084198
0.3861486315727234
0.40595611929893494
0.4287857711315155
0.5018715262413025
0.3499261140823364
0.44294703006744385
0.4220840334892273
0.4823252260684967
0.3908015787601471
0.4834993779659271
0.4092077612876892
0.27461278438568115
0.4690629839897156
0.4253685176372528
0.32881027460098267
0.39953160285949707
0.36186733841896057
0.22756104171276093
0.5018458962440491
0.2597389221191406
0.39905911684036255
0.5851668119430542
0.43327710032463074
0.574799656867981
0.1879647970199585
0.3459499478340149
0.4580098092556
0.23589713871479034
0.31792956590652466
0.32867446541786194
0.3038038909435272
0.32741010189056396
0.7759599685668945
0.4807802438735962
0.40420565009117126
0.25318819284439087
0.41932976245880127
0.39001813530921936
0.4623745083808899
0.33560633659362793
0.453641414642334
0.38926512002944946
0.5823830366134644
0.4848651587963104
0.3918108344078064
0.510980486869812
0.4325454533100128
0.4550952911376953
0.6665283441543579
0.44436490535736084
0.3530696630477905
0.36163848638534546
0.3948795199394226
0.47553616762161255
0.35887598991394043
0.4272218644618988
0.2426728904247284
0.2923804521560669
0.33290043473243713
0.5557501316070557
0.2850791811943054
0.6019881963729858
0.5761352777481079
0.5950630903244019
0.45420563220977783
0.23281919956207275
0.582816481590271
0.25747859477996826
0.43472909927368164
0.5944114327430725
0.5912273526191711
0.5198060274124146
0.3706086277961731
0.30982524156570435
0.4166747033596039
0.31040406227111816
0.37277400493621826
0.18290260434150696
0.2569655179977417
0.41451600193977356
0.34728163480758667
0.5418400764465332
0.5359245538711548
0.5353878140449524
0.3807028532028198
0.34671586751937866
0.4626893997192383
0.37974119186401367
0.5004622340202332
0.32097128033638
0.5086066722869873
0.2690523862838745
0.6705970168113708
0.4537472724914551
0.29079264402389526
0.30132389068603516
0.5260315537452698
0.5487309098243713
0.47516319155693054
0.30181413888931274
0.6409878134727478
0.3944467306137085
0.3662240207195282
0.6395946741104126
0.3372139632701874
0.31200528144836426
0.5674203038215637
0.37298962473869324
0.30150291323661804
0.22774405777454376
0.3712773621082306
0.4104292690753937
0.37158524990081787
0.4731624722480774
0.587319552898407
0.373582661151886
0.3657427132129669
0.20207370817661285
0.3150925040245056
0.5121937394142151
0.44945457577705383
0.26542702317237854
0.28802672028541565
0.5716034770011902
0.5540093779563904
0.4860692620277405
0.67003333568573
0.2476959079504013
0.5739147663116455
0.4290652573108673
0.565246045589447
0.29370346665382385
0.5197621583938599
0.33784249424934387
0.42026957869529724
0.6672956943511963
0.34922489523887634
0.5633796453475952
0.43314725160598755
0.43758246302604675
0.2573758065700531
0.6821479797363281
0.3130355179309845
0.3715786933898926
0.38458043336868286
0.6090278625488281
0.37648805975914
0.42934224009513855
0.3302014172077179
0.4869881868362427
0.3108876347541809
0.6743422150611877
0.594480574131012
0.28790637850761414
0.49852094054222107
0.3156624734401703
0.35761338472366333
0.3726333975791931
0.7291948795318604
0.45671892166137695
0.3451201021671295
0.6841109991073608
0.5041704177856445
0.4855162501335144
0.3239571154117584
0.6486666202545166
0.5725159049034119
0.32639941573143005
0.3690018653869629
0.4350007176399231
0.403333455324173
0.2266787737607956
0.2852470278739929
0.6501338481903076
0.31005650758743286
0.33556845784187317
0.4964863657951355
0.6140758991241455
0.32484978437423706
0.6023218035697937
0.7383060455322266
0.6462171077728271
0.32608336210250854
0.42330455780029297
0.2673068344593048
0.3881824016571045
0.5030509233474731
0.5650391578674316
0.2571278214454651
0.474763423204422
0.2756890654563904
0.371256560087204
0.8327671885490417
0.5573604106903076
0.4250209629535675
0.5715425610542297
0.5246840715408325
0.48359620571136475
0.2915639579296112
0.354539692401886
0.38649827241897583
0.40050405263900757
0.4209214448928833
0.4679100513458252
0.32909417152404785
0.4498496353626251
0.4712453782558441
0.5342180728912354
0.41087856888771057
0.5137189626693726
0.5597753524780273
0.1900576502084732
0.306900292634964
0.41004306077957153
0.3944460451602936
0.47081154584884644
0.39106881618499756
0.1962212175130844
0.4108681380748749
0.47188445925712585
0.3696348965167999
0.47470903396606445
0.42512479424476624
0.48225951194763184
0.601020336151123
0.5280207991600037
0.3556147813796997
0.5606889128684998
0.3559196889400482
0.29646873474121094
0.6140657663345337
0.49825364351272583
0.285576730966568
0.4309709966182709
0.1921844184398651
0.31441426277160645
0.3294422924518585
0.4798526465892792
0.4940066337585449
0.4047524631023407
0.36336711049079895
0.5791826248168945
0.3947216868400574
0.5426645874977112
0.3026101291179657
0.5301331281661987
0.5481513142585754
0.49019694328308105
0.4924151301383972
0.6233034729957581
0.3886663317680359
0.5839400291442871
0.5941414833068848
0.5086091756820679
0.6787819862365723
0.5913662314414978
0.3193745017051697
0.3338729739189148
0.2769327461719513
0.32935088872909546
0.5511319041252136
0.46931353211402893
0.23232877254486084
0.5559999346733093
0.4421040415763855
0.5875648856163025
0.25414690375328064
0.2640698254108429
0.29577335715293884
0.4851781725883484
0.44082197546958923
0.4502513110637665
0.39689934253692627
0.7062023282051086
0.21617284417152405
0.28256213665008545
0.43093422055244446
0.47532397508621216
0.33879590034484863
0.5716380476951599
0.4916791021823883
0.5060831904411316
0.4793423116207123
0.5233756303787231
0.5868961215019226
0.25386518239974976
0.1846093237400055
0.23136290907859802
0.4516262412071228
0.41704151034355164
0.45237040519714355
0.44719812273979187
0.3333597481250763
0.41365155577659607
0.48002326488494873
0.37659141421318054
0.328791081905365
0.3978721797466278
0.22400595247745514
0.21922588348388672
0.3828588128089905
0.45003458857536316
0.44257602095603943
0.4164792001247406
0.4138635993003845
0.39329689741134644
0.39768949151039124
0.4402095377445221
0.6581812500953674
0.6371641755104065
0.48656603693962097
0.1755114495754242
0.3599538505077362
0.5700280666351318
0.4930073618888855
0.35993486642837524
0.44494709372520447
0.48979154229164124
0.49771296977996826
0.6537390947341919
0.4420625865459442
0.5677191019058228
0.4068979322910309
0.3301475942134857
0.4157005846500397
0.6131922602653503
0.6025266647338867
0.6184434294700623
0.41185688972473145
0.6317276954650879
0.5288286805152893
0.3269740641117096
0.4095180928707123
0.3983948528766632
0.5171039700508118
0.42184963822364807
0.4939819276332855
0.5402843356132507
0.3834587037563324
0.31262901425361633
0.7092013359069824
0.3237474262714386
0.47715523838996887
0.2591956853866577
0.44722065329551697
0.7865583300590515
0.30971676111221313
0.40203139185905457
0.4559789299964905
0.4866328537464142
0.5473690629005432
0.36998090147972107
0.39603129029273987
0.27965274453163147
0.2778797745704651
0.6195453405380249
0.38194042444229126
0.8434877395629883
0.5669921636581421
0.5646395087242126
0.4363122284412384
0.19096378982067108
0.3286600112915039
0.3451751470565796
0.431991845369339
0.4204274117946625
0.46511322259902954
0.5826098918914795
0.297742635011673
0.3626346290111542
0.5810688138008118
0.1953689008951187
0.44054317474365234
0.359948068857193
0.3465442657470703
0.24901457130908966
0.21003104746341705
0.550554633140564
0.5136902332305908
0.4869635999202728
0.5223146677017212
0.39422857761383057
0.4143853187561035
0.3825623095035553
0.37516385316848755
0.476090669631958
0.30478158593177795
0.5676532983779907
0.5965670943260193
0.5474933385848999
0.6547905802726746
0.5231110453605652
0.41714656352996826
0.5368154048919678
0.4130237400531769
0.35018375515937805
0.3606991469860077
0.43711623549461365
0.2418520599603653
0.30852794647216797
0.31195658445358276
0.3744215965270996
0.3060998022556305
0.4798581004142761
0.42325839400291443
0.6536296606063843
0.3844831883907318
0.3717727065086365
0.3568517565727234
0.43448948860168457
0.31027117371559143
0.5834254026412964
0.5389103889465332
0.5034497976303101
0.4734252095222473
0.458529531955719
0.48154500126838684
0.3501345217227936
0.3624352812767029
0.6210222244262695
0.5184450149536133
0.3395708203315735
0.577315092086792
0.6983857154846191
0.7331671714782715
0.4362121820449829
0.34619206190109253
0.3480621874332428
0.3620946705341339
0.30995503067970276
0.3552849590778351
0.4110703766345978
0.4021320641040802
0.4423336386680603
0.4456612467765808
0.5080625414848328
0.43005385994911194
0.23539242148399353
0.5860893130302429
0.2148575782775879
0.5116880536079407
0.5601465106010437
0.4095618724822998
0.37919989228248596
0.3814501166343689
0.34635958075523376
0.5897425413131714
0.3542070686817169
0.30171987414360046
0.5554050207138062
0.3946893811225891
0.5177038908004761
0.340169757604599
0.5717456340789795
0.5480663180351257
0.24848125874996185
0.47870197892189026
0.7152486443519592
0.4366436004638672
0.4351651072502136
0.3492436707019806
0.5271092057228088
0.5850861668586731
0.47434359788894653
0.5100700855255127
0.4137336015701294
0.6627753376960754
0.35035425424575806
0.6501898765563965
0.5414812564849854
0.27314329147338867
0.3738366961479187
0.48435738682746887
0.21238067746162415
0.41798603534698486
0.5770018696784973
0.4757012724876404
0.3910312056541443
0.3490007817745209
0.33006641268730164
0.6584382653236389
0.4938667118549347
0.5520890951156616
0.47230374813079834
0.6494745016098022
0.261953741312027
0.4084264636039734
0.20403295755386353
0.3559246361255646
0.6253380179405212
0.5030220746994019
0.49866384267807007
0.45221489667892456
0.5372644662857056
0.387462854385376
0.35734811425209045
0.2990091145038605
0.45222198963165283
0.8030540347099304
0.457125723361969
0.2979336977005005
0.39204591512680054
0.5552591681480408
0.4944300353527069
0.4494415521621704
0.31914135813713074
0.19946880638599396
0.3490479290485382
0.5962491631507874
0.38695672154426575
0.3746776580810547
0.5332750082015991
0.4427356421947479
0.4553004503250122
0.480833500623703
0.3059263825416565
0.47602733969688416
0.5448998212814331
0.4003485143184662
0.595654308795929
0.35993480682373047
0.6201429963111877
0.42775145173072815
0.4792185425758362
0.4469671845436096
0.3992544412612915
0.5181391835212708
0.41606974601745605
0.38469281792640686
0.6465561389923096
0.38614529371261597
0.31904521584510803
0.5647728443145752
0.1681479811668396
0.44459831714630127
0.1859777569770813
0.39792895317077637
0.44645100831985474
0.5454725623130798
0.34860312938690186
0.40421032905578613
0.6047496199607849
0.2940724790096283
0.5208060145378113
0.3087829053401947
0.3456089496612549
0.6522098183631897
0.39586207270622253
0.31382447481155396
0.42662879824638367
0.5349525809288025
0.2629903554916382
0.21781125664710999
0.4132500886917114
0.48426732420921326
0.7916914820671082
0.16708429157733917
0.7731460928916931
0.5592814683914185
0.5323917865753174
0.5694630146026611
0.6597051620483398
0.4879888594150543
0.26677101850509644
0.45878708362579346
0.3698342442512512
0.3979070484638214
0.45706507563591003
0.44131749868392944
0.43542155623435974
0.3110485076904297
0.8150838017463684
0.451352059841156
0.4708198606967926
0.5272776484489441
0.26246023178100586
0.5092900991439819
0.3992001414299011
0.31055763363838196
0.5702812671661377
0.6491947174072266
0.3800162971019745
0.128306046128273
0.44679543375968933
0.48844075202941895
0.4485190510749817
0.4877760410308838
0.35134202241897583
0.39041751623153687
0.37466272711753845
0.25553205609321594
0.5085063576698303
0.33027493953704834
0.23887011408805847
0.2718439996242523
0.4469675123691559
0.4588543772697449
0.3830503523349762
0.20981653034687042
0.37470024824142456
0.48535093665122986
0.518825352191925
0.7024882435798645
0.467761754989624
0.31919053196907043
0.28911787271499634
0.49812382459640503
0.5348516702651978
0.4669899642467499
0.40004682540893555
0.30670928955078125
0.4536861479282379
0.4461601674556732
0.4450387954711914
0.7737969160079956
0.5167116522789001
0.37954238057136536
0.4794796109199524
0.5417736768722534
0.7312121391296387
0.3054511845111847
0.40665164589881897
0.5654124021530151
0.37242618203163147
0.5029112696647644
0.23269511759281158
0.5236905813217163
0.5872232913970947
0.4483394920825958
0.3646470904350281
0.4478704333305359
0.5397282838821411
0.42366209626197815
0.5005180239677429
0.5957085490226746
0.5196322798728943
0.5853245258331299
0.37557926774024963
0.28721022605895996
0.5071684718132019
0.3718339502811432
0.2896176278591156
0.5773906707763672
0.18411600589752197
0.37213045358657837
0.3733050227165222
0.5331610441207886
0.5264877676963806
0.4197036921977997
0.32826197147369385
0.4108710289001465
0.29669320583343506
0.4421502947807312
0.47822749614715576
0.551674485206604
0.3550187051296234
0.29068082571029663
0.5164503455162048
0.4080371558666229
0.37775126099586487
0.43255558609962463
0.5393473505973816
0.27422478795051575
0.5176706314086914
0.5494179129600525
0.4379381239414215
0.40863969922065735
0.40694689750671387
0.36797770857810974
0.43421298265457153
0.34160950779914856
0.2858501672744751
0.38641273975372314
0.47316214442253113
0.4507577121257782
0.18957053124904633
0.344845712184906
0.4062197804450989
0.4525867998600006
0.5720537304878235
0.22033686935901642
0.3063463568687439
0.33674904704093933
0.4526218771934509
0.4654831886291504
0.2497176080942154
0.46216291189193726
0.37242475152015686
0.29532483220100403
0.23081855475902557
0.27390730381011963
0.5678947567939758
0.4144681990146637
0.16989797353744507
0.4618099331855774
0.3172975778579712
0.5526812076568604
0.4370792806148529
0.5268274545669556
0.8098700046539307
0.35539159178733826
0.3092826008796692
0.7257696986198425
0.35856181383132935
0.5495256781578064
0.7115961909294128
0.5839492082595825
0.3354683220386505
0.3650732934474945
0.3010798692703247
0.5914087891578674
0.4914228022098541
0.2855682075023651
0.5337963700294495
0.4758851230144501
0.4770702123641968
0.4421876072883606
0.4098660945892334
0.2892557680606842
0.4907236099243164
0.5357584357261658
0.5299968123435974
0.34065112471580505
0.3396572172641754
0.39717018604278564
0.2765841484069824
0.5641697645187378
0.3774530291557312
0.3352825939655304
0.589131236076355
0.4206278920173645
0.5278388261795044
0.305304616689682
0.41304755210876465
0.5485045909881592
0.7251386046409607
0.5623391270637512
0.569085955619812
0.2610805928707123
0.3286215364933014
0.2838035523891449
0.3935261070728302
0.47276046872138977
0.46602943539619446
0.46964165568351746
0.29819434881210327
0.4390754997730255
0.33776798844337463
0.5269288420677185
0.5389865636825562
0.5062181949615479
0.5516374707221985
0.5144932866096497
0.3921344578266144
0.43067076802253723
0.4224345088005066
0.5383027791976929
0.3621329069137573
0.34283646941185
0.46279966831207275
0.7533594369888306
0.3078686594963074
0.35945603251457214
0.3685835599899292
0.30414411425590515
0.4296296536922455
0.3853829801082611
0.5958167910575867
0.4624393880367279
0.38029178977012634
0.3545151352882385
0.4438731372356415
0.44815200567245483
0.6307721138000488
0.29132315516471863
0.744777500629425
0.44894590973854065
0.5796898007392883
0.36664289236068726
0.432330846786499
0.5986987352371216
0.4730505049228668
0.4259417951107025
0.48470962047576904
0.4304075539112091
0.4177294075489044
0.48215001821517944
0.2022579312324524
0.32142147421836853
0.35233718156814575
0.42045193910598755
0.3960982859134674
0.28759509325027466
0.447325736284256
0.6593688130378723
0.3756601810455322
0.7137284874916077
0.6440578103065491
0.3231253921985626
0.2265056073665619
0.19822020828723907
0.5287816524505615
0.39798107743263245
0.5412474870681763
0.3596315383911133
0.3437539041042328
0.227438285946846
0.3882562518119812
0.43789562582969666
0.3600353002548218
0.8792382478713989
0.3592619299888611
0.525646448135376
0.6522578597068787
0.38164496421813965
0.20841677486896515
0.3239758312702179
0.24392539262771606
0.40651416778564453
0.6156774759292603
0.4025610387325287
0.42054328322410583
0.490329384803772
0.6914893388748169
0.428080677986145
0.6968045234680176
0.6227418184280396
0.6672325730323792
0.2902638614177704
0.3129705786705017
0.4251730442047119
0.5070134997367859
0.703629732131958
0.5058798789978027
0.4461650848388672
0.46228620409965515
0.44190701842308044
0.34778904914855957
0.6394650340080261
0.5028836727142334
0.29237210750579834
0.4455258548259735
0.4291372299194336
0.4650801420211792
0.5354347825050354
0.2808798849582672
0.28138044476509094
0.43994683027267456
0.46021586656570435
0.4693047106266022
0.41784244775772095
0.434439480304718
0.4841582477092743
0.6051580905914307
0.6286327242851257
0.32027143239974976
0.3549692630767822
0.429018497467041
0.19482629001140594
0.37888389825820923
0.4755953252315521
0.5651891231536865
0.19047866761684418
0.5486128330230713
0.45120543241500854
0.5440706610679626
0.3844905495643616
0.3688250780105591
0.5248441696166992
0.4066225290298462
0.4030103385448456
0.5712738037109375
0.36151278018951416
0.7324694395065308
0.4206714332103729
0.40829169750213623
0.2655408978462219
0.6144812107086182
0.29262685775756836
0.3246173560619354
0.42908671498298645
0.26997849345207214
0.5759886503219604
0.2922511696815491
0.3932396173477173
0.422800749540329
0.484578400850296
0.3091295659542084
0.20622114837169647
0.3990980088710785
0.21861031651496887
0.3789607286453247
0.2725490629673004
0.41208964586257935
0.27113065123558044
0.44120240211486816
0.47428807616233826
0.6288739442825317
0.5144659876823425
0.3845658302307129
0.41681867837905884
0.4524259865283966
0.48844394087791443
0.49605631828308105
0.35433393716812134
0.5363054275512695
0.47626572847366333
0.3445199131965637
0.2895808219909668
0.6439104080200195
0.20038479566574097
0.30174607038497925
0.29845526814460754
0.5210345387458801
0.41743120551109314
0.6002781391143799
0.38369783759117126
0.19089217483997345
0.35106638073921204
0.3056139051914215
0.4135916829109192
0.3418986201286316
0.27049651741981506
0.5917224884033203
0.44570207595825195
0.3354722261428833
0.36162301898002625
0.4295594394207001
0.38468921184539795
0.5669878721237183
0.3863057494163513
0.24588720500469208
0.2754145860671997
0.5823207497596741
0.33104631304740906
0.23967400193214417
0.2943509519100189
0.536469042301178
0.5774669647216797
0.42164504528045654
0.6262710094451904
0.6320578455924988
0.4176504909992218
0.3069872558116913
0.5570349097251892
0.20142345130443573
0.5718453526496887
0.4324892461299896
0.21713826060295105
0.37723347544670105
0.5898208618164062
0.8164700269699097
0.4651740789413452
0.25577664375305176
0.5992056131362915
0.41774871945381165
0.7518168687820435
0.55632483959198
0.4603418707847595
0.31511908769607544
0.7925840616226196
0.40564170479774475
0.17273327708244324
0.3801678717136383
0.2628849446773529
0.39743831753730774
0.29445672035217285
0.4543139934539795
0.6103566884994507
0.25281670689582825
0.35103875398635864
0.36851558089256287
0.20848587155342102
0.24717602133750916
0.5023569464683533
0.4472818970680237
0.38701367378234863
0.5167295932769775
0.6558527946472168
0.5046082735061646
0.40589457750320435
0.61972576379776
0.4816603660583496
0.32844534516334534
0.40322473645210266
0.5532702803611755
0.28034114837646484
0.7984728217124939
0.4756804406642914
0.4073343575000763
0.5286743640899658
0.5071854591369629
0.5468244552612305
0.3884599804878235
0.15035822987556458
0.5702316761016846
0.5367202162742615
0.5644245147705078
0.265085369348526
0.3028998374938965
0.3645365238189697
0.6630240678787231
0.3271711766719818
0.5363859534263611
0.3624526858329773
0.5095223188400269
0.2815987467765808
0.5675142407417297
0.43210503458976746
0.25063350796699524
0.35202303528785706
0.4634794294834137
0.3415595293045044
0.45788106322288513
0.7716254591941833
0.49780479073524475
0.4531155824661255
0.2382349669933319
0.3107506036758423
0.48527657985687256
0.306368887424469
0.2442028522491455
0.29999664425849915
0.719184398651123
0.2787398099899292
0.3584282398223877
0.3916372060775757
0.6036219000816345
0.4936908185482025
0.624260663986206
0.4704385995864868
0.3613213300704956
0.5133156180381775
0.27739763259887695
0.4967658221721649
0.4707520306110382
0.4110593795776367
0.43126359581947327
0.6547952890396118
0.32817214727401733
0.3520502746105194
0.6007751226425171
0.3219667971134186
0.3713609576225281
0.539431095123291
0.44677600264549255
0.4409252107143402
0.46742603182792664
0.3443753719329834
0.32013261318206787
0.3876277804374695
0.3863706886768341
0.5751726031303406
0.4411984980106354
0.2183447629213333
0.42839860916137695
0.5741312503814697
0.3902357518672943
0.5519257187843323
0.6055178046226501
0.419613778591156
0.7019059658050537
0.4428196847438812
0.6850417256355286
0.5122519135475159
0.34727635979652405
0.47232866287231445
0.4214552342891693
0.5750885009765625
0.7195518016815186
0.3547786474227905
0.6826021671295166
0.2187117636203766
0.6462851762771606
0.4318277835845947
0.3738258183002472
0.404410183429718
0.3836853802204132
0.38811859488487244
0.39148250222206116
0.47483453154563904
0.45341604948043823
0.5903238654136658
0.4202630817890167
0.26175108551979065
0.5116189122200012
0.41920801997184753
0.335808664560318
0.45979222655296326
0.17343425750732422
0.4822750985622406
0.4264293909072876
0.31906217336654663
0.38331130146980286
0.7787320613861084
0.6413353085517883
0.6405164003372192
0.43245241045951843
0.32681578397750854
0.48695799708366394
0.26119834184646606
0.4262295067310333
0.3663943409919739
0.39631387591362
0.5378549695014954
0.47636017203330994
0.3564106225967407
0.33658531308174133
0.33405953645706177
0.4196604788303375
0.3194514811038971
0.5589598417282104
0.3169562816619873
0.1985122263431549
0.6173560619354248
0.3611028492450714
0.6493900418281555
0.4718325436115265
0.6813594698905945
0.8382171988487244
0.6178770065307617
0.6271368861198425
0.19987748563289642
0.4912490248680115
0.3706991672515869
0.21842871606349945
0.3232801556587219
0.3794691860675812
0.6399145126342773
0.407723069190979
0.3526104688644409
0.323307067155838
0.2065669298171997
0.6158156991004944
0.7760070562362671
0.527414858341217
0.5684311389923096
0.6385610699653625
0.3963375687599182
0.6090580821037292
0.5823400616645813
0.6658656597137451
0.30785661935806274
0.4140547811985016
0.4863761365413666
0.36015912890434265
0.32055145502090454
0.35619232058525085
0.5046169757843018
0.5524894595146179
0.38450831174850464
0.6640100479125977
0.5452605485916138
0.333711713552475
0.31691452860832214
0.6744397282600403
0.7020618915557861
0.3523273468017578
0.466592401266098
0.7121759057044983
0.7104233503341675
0.7494521141052246
0.3347334563732147
0.3293169140815735
0.2755436301231384
0.46152958273887634
0.3878685235977173
0.42221757769584656
0.6427721977233887
0.44577479362487793
0.5452243685722351
0.5417629480361938
0.4394431710243225
0.6158201694488525
0.7153905630111694
0.49863600730895996
0.4209143817424774
0.40974652767181396
0.2587832510471344
0.6382005214691162
0.7102920413017273
0.689856231212616
0.41507452726364136
0.33183902502059937
0.540108859539032
0.5197224617004395
0.32411032915115356
0.4941192865371704
0.24950383603572845
0.2722926139831543
0.3825816214084625
0.4484231472015381
0.31692057847976685
0.6151661276817322
0.5393503904342651
0.504831075668335
0.408688485622406
0.3095954656600952
0.5940389037132263
0.7882302403450012
0.41690102219581604
0.35884761810302734
0.3166729509830475
0.2904873192310333
0.5192683339118958
0.4805876314640045
0.3144172430038452
0.16175715625286102
0.3719837963581085
0.3160783648490906
0.25571590662002563
0.22195330262184143
0.4384896755218506
0.6079369783401489
0.34073859453201294
0.3730739951133728
0.514636754989624
0.4943428933620453
0.3533307909965515
0.47325414419174194
0.7541991472244263
0.47663363814353943
0.4123217463493347
0.28210562467575073
0.415313184261322
0.45454826951026917
0.49934253096580505
0.29648053646087646
0.4131372272968292
0.7363805174827576
0.3290793299674988
0.43014511466026306
0.7884788513183594
0.404972642660141
0.3154589831829071
0.3749943673610687
0.41854891180992126
0.3507138788700104
0.3324122428894043
0.20797698199748993
0.37265047430992126
0.33930152654647827
0.5886566042900085
0.44707947969436646
0.3635437488555908
0.34142786264419556
0.37241610884666443
0.3467692732810974
0.37600940465927124
0.5195932388305664
0.33611413836479187
0.20975004136562347
0.27033892273902893
0.36901426315307617
0.22008270025253296
0.3786151707172394
0.2768923342227936
0.25935637950897217
0.4576575458049774
0.5566654801368713
0.8596941232681274
0.25488996505737305
0.6526559591293335
0.3514530658721924
0.4396885931491852
0.26915377378463745
0.5870381593704224
0.43488171696662903
0.5260802507400513
0.8341811299324036
0.48930081725120544
0.3187946677207947
0.346003919839859
0.6287017464637756
0.5863423347473145
0.3647508919239044
0.5586361885070801
0.38949745893478394
0.3375468850135803
0.5541667938232422
0.4402821660041809
0.39324095845222473
0.4165845811367035
0.2850095331668854
0.35221797227859497
0.6189435124397278
0.3586927354335785
0.6887305974960327
0.37337175011634827
0.4765556752681732
0.34705013036727905
0.5670490860939026
0.7245303392410278
0.409236341714859
0.7002760767936707
0.3640526533126831
0.5146765112876892
0.43382295966148376
0.47356006503105164
0.3092629909515381
0.27708813548088074
0.41953057050704956
0.43739646673202515
0.5576764941215515
0.3923566937446594
0.6119838356971741
0.39056745171546936
0.25058087706565857
0.3625960648059845
0.32989829778671265
0.8685021996498108
0.7211815714836121
0.33180850744247437
0.4088243544101715
0.5758059024810791
0.8139225840568542
0.4819200038909912
0.6422075629234314
0.560957670211792
0.6187655329704285
0.6731795072555542
0.6164607405662537
0.46010157465934753
0.32868289947509766
0.4702565371990204
0.4280598759651184
0.4702949523925781
0.7897816300392151
0.4638195037841797
0.6139759421348572
0.36979904770851135
0.3314865827560425
0.521096408367157
0.5703518390655518
0.3028605878353119
0.435427725315094
0.7312234044075012
0.48187491297721863
0.6372299194335938
0.41052865982055664
0.6222312450408936
0.5995473265647888
0.4721106290817261
0.734203577041626
0.35554781556129456
0.4601893126964569
0.6284631490707397
0.46085116267204285
0.3478265404701233
0.34010228514671326
0.3919298052787781
0.27521616220474243
0.6698727607727051
0.3806336522102356
0.4104589819908142
0.6313822269439697
0.4206264019012451
0.66617351770401
0.4562362730503082
0.25360944867134094
0.26272204518318176
0.4097064733505249
0.39789900183677673
0.48465394973754883
0.4624123275279999
0.4047015905380249
0.4011552035808563
0.641681432723999
0.4805861711502075
0.44347187876701355
0.2925971746444702
0.31554368138313293
0.40616336464881897
0.4959363341331482
0.5457251071929932
0.1521114557981491
0.5083805918693542
0.4253203570842743
0.2262672781944275
0.1352839320898056
0.7627469897270203
0.663184642791748
0.45773395895957947
0.4476539194583893
0.39538899064064026
0.4454236626625061
0.4637325406074524
0.4581732451915741
0.4545268416404724
0.3008125424385071
0.2827252447605133
0.4385196268558502
0.636892557144165
0.35957446694374084
0.7303258776664734
0.46703892946243286
0.527146577835083
0.5189825892448425
0.6201910972595215
0.24820157885551453
0.27112409472465515
0.36565962433815
0.5882107019424438
0.47517725825309753
0.6023446321487427
0.386027455329895
0.18613077700138092
0.25813767313957214
0.46303996443748474
0.2655189037322998
0.4866545796394348
0.3116067945957184
0.451894074678421
0.24724392592906952
0.5364643931388855
0.3539454936981201
0.38245889544487
0.468761146068573
0.6209236979484558
0.44426605105400085
0.6112567186355591
0.48531627655029297
0.49913984537124634
0.576207160949707
0.3643960952758789
0.44754475355148315
0.4138101637363434
0.31371426582336426
0.3631819784641266
0.591539740562439
0.36217522621154785
0.3567292094230652
0.30580922961235046
0.28356051445007324
0.6630876064300537
0.5439143180847168
0.36480602622032166
0.25638824701309204
0.4324601888656616
0.38147780299186707
0.3073352575302124
0.38954755663871765
0.6180996894836426
0.5118420124053955
0.30388325452804565
0.2981221079826355
0.37575337290763855
0.4410485327243805
0.3519062101840973
0.39164721965789795
0.29628172516822815
0.39540454745292664
0.6457685828208923
0.5556793212890625
0.43686947226524353
0.23388394713401794
0.42272573709487915
0.6851665377616882
0.40179169178009033
0.3915335237979889
0.25057417154312134
0.27815893292427063
0.44878238439559937
0.5421216487884521
0.46907591819763184
0.2812301218509674
0.28138411045074463
0.360799103975296
0.236647367477417
0.43696027994155884
0.21551477909088135
0.46765685081481934
0.38604044914245605
0.31463417410850525
0.2873116433620453
0.2771994173526764
0.7209593057632446
0.38687220215797424
0.4104258418083191
0.35932397842407227
0.33006542921066284
0.31389686465263367
0.6047970652580261
0.5842427015304565
0.36335083842277527
0.38085469603538513
0.6662569046020508
0.5395552515983582
0.4525294601917267
0.5848995447158813
0.355894535779953
0.2895612418651581
0.2474229782819748
0.4576975703239441
0.4729923605918884
0.4214928150177002
0.5436618328094482
0.3476710319519043
0.47315099835395813
0.41249844431877136
0.37991902232170105
0.17107237875461578
0.5078110098838806
0.3226511478424072
0.4271466135978699
0.3695833086967468
0.7148762345314026
0.2781842052936554
0.5717741847038269
0.3941015899181366
0.4702717065811157
0.5871320366859436
0.6044887900352478
0.4583052098751068
0.39584121108055115
0.3928077816963196
0.33309030532836914
0.3280887305736542
0.773819088935852
0.41003739833831787
0.4937487542629242
0.3598693013191223
0.26523327827453613
0.37427762150764465
0.4475501477718353
0.33049842715263367
0.4035208821296692
0.47766438126564026
0.4655420184135437
0.48718783259391785
0.4821004569530487
0.34945249557495117
0.5498097538948059
0.5152502059936523
0.6385393738746643
0.41061708331108093
0.5193634033203125
0.3718205392360687
0.7502893805503845
0.31349924206733704
0.5227981209754944
0.5000266432762146
0.6166770458221436
0.32142218947410583
0.3723217844963074
0.4946184456348419
0.26771658658981323
