0.8280951976776123
0.7962507605552673
0.7816367149353027
0.6749634742736816
0.7341049909591675
0.7219772934913635
0.7917014956474304
0.4307372570037842
0.6552441120147705
0.7073742151260376
0.6718106269836426
0.8486618995666504
0.6173371076583862
0.5979064702987671
0.4858441948890686
0.70575350522995
0.7592785954475403
0.5740512609481812
0.7178065776824951
0.6207765340805054
0.6466662287712097
0.5818032622337341
0.7260696887969971
0.557803213596344
0.7839323878288269
0.8608762621879578
0.6986415386199951
0.8999148011207581
0.8219043016433716
0.6160832047462463
0.6298229694366455
0.505388081073761
0.5924124717712402
0.49535590410232544
0.5749459862709045
0.6701585650444031
0.558928370475769
0.5774818062782288
0.7112725377082825
0.565751850605011
0.4422207772731781
0.849458634853363
0.5897538661956787
0.5375117063522339
0.5951457619667053
0.5203572511672974
0.46130865812301636
0.6660689115524292
0.6790578961372375
0.745514988899231
0.7251515984535217
0.6644204258918762
0.6651613116264343
0.6319641470909119
0.5260562300682068
0.7601143717765808
0.7625541687011719
0.7530665993690491
0.7057701945304871
0.6573489308357239
0.5755791664123535
0.7692979574203491
0.7506588101387024
0.6096031665802002
0.4538135230541229
0.6422329545021057
0.8276458382606506
0.6222770810127258
0.62355637550354
0.37518343329429626
0.7807391881942749
0.6046967506408691
0.47186118364334106
0.5554680228233337
0.7830615043640137
0.8152803182601929
0.6254140734672546
0.6591199040412903
0.7956486344337463
0.5091162919998169
0.7749104499816895
0.8474144339561462
0.8286663293838501
0.767198920249939
0.6398633122444153
0.8526471853256226
0.7148572206497192
0.6771406531333923
0.7087352871894836
0.522321879863739
0.5497589111328125
0.4384554922580719
0.5630356073379517
0.5923106074333191
0.625907838344574
0.7130216956138611
0.5916083455085754
0.4198947846889496
0.6736634373664856
0.542504608631134
0.7194940447807312
0.62333083152771
0.7146291732788086
0.5599793195724487
0.6609882712364197
0.7655825018882751
0.6196061968803406
0.6465119123458862
0.8503841161727905
0.43907982110977173
0.7242956757545471
0.450481653213501
0.8455007076263428
0.436370849609375
0.45149192214012146
0.6867917776107788
0.6268833875656128
0.618442952632904
0.8390482664108276
0.5607929229736328
0.7113200426101685
0.5991372466087341
0.3825739026069641
0.6282434463500977
0.5610619783401489
0.2606227397918701
0.7307019829750061
0.7385664582252502
0.6735150814056396
0.6689526438713074
0.7092341184616089
0.38748589158058167
0.7373741865158081
0.756763219833374
0.7789974212646484
0.6743443012237549
0.8361280560493469
0.7293810844421387
0.517327606678009
0.5848893523216248
0.46649307012557983
0.6794670224189758
0.6753351092338562
0.38284817337989807
0.6227102875709534
0.7492983937263489
0.4158703684806824
0.5313998460769653
0.3691277503967285
0.4102262258529663
0.5746345520019531
0.38040852546691895
0.2225513458251953
0.6260266900062561
0.6889495253562927
0.5727821588516235
0.8169940114021301
0.5964372158050537
0.8106836676597595
0.5518094301223755
0.8507916927337646
0.7279061675071716
0.7171589732170105
0.7139641046524048
0.7288783192634583
0.7061918377876282
0.5788943767547607
0.3111300766468048
0.47695890069007874
0.5872291326522827
0.6616767048835754
0.7358136177062988
0.8102518320083618
0.8793051242828369
0.7270702123641968
0.6559081673622131
0.6786884069442749
0.49783116579055786
0.5663977861404419
0.5847660303115845
0.5559394955635071
0.7098245620727539
0.7032589316368103
0.37956342101097107
0.5971304178237915
0.6093911528587341
0.3688631057739258
0.8193095922470093
0.48729705810546875
0.6771425008773804
0.6506681442260742
0.5299907326698303
0.48159998655319214
0.5596778988838196
0.7499076724052429
0.652113139629364
0.4487152695655823
0.7792823910713196
0.6896962523460388
0.7680889964103699
0.5542245507240295
0.4175682067871094
0.6608933210372925
0.400277316570282
0.7575738430023193
0.5501406192779541
0.7177420854568481
0.7802950143814087
0.7350536584854126
0.5175854563713074
0.7105051875114441
0.5974270105361938
0.8105155825614929
0.8121672868728638
0.7014310956001282
0.7959936261177063
0.7989382743835449
0.6065794229507446
0.7343775629997253
0.7413962483406067
0.5761330127716064
0.513363778591156
0.7264206409454346
0.6217113137245178
0.6910319924354553
0.7640787959098816
0.6404374837875366
0.5242713689804077
0.6622182726860046
0.7028824090957642
0.4998825192451477
0.637074887752533
0.3890363276004791
0.6108056902885437
0.6577035188674927
0.46477800607681274
0.6344050168991089
0.4150009751319885
0.6302129626274109
0.6310514211654663
0.8371793627738953
0.44526246190071106
0.5766839981079102
0.8644304871559143
0.681506872177124
0.600507378578186
0.7863242626190186
0.6856898069381714
0.607398509979248
0.595041036605835
0.6540418863296509
0.5323556661605835
0.5430395603179932
0.5443177223205566
0.7732487916946411
0.4444392919540405
0.7478501796722412
0.5386606454849243
0.47761934995651245
0.6538744568824768
0.6677034497261047
0.6588252186775208
0.3505599796772003
0.4248044490814209
0.5204267501831055
0.4978330731391907
0.6606112718582153
0.4362437129020691
0.7006311416625977
0.7396268844604492
0.7191445827484131
0.7126429677009583
0.5410263538360596
0.4396088421344757
0.8019705414772034
0.5556858777999878
0.6809938549995422
0.6717730760574341
0.5779056549072266
0.5842741131782532
0.6239738464355469
0.6964660286903381
0.5983841419219971
0.7807050943374634
0.5493577122688293
0.7897325754165649
0.5224065780639648
0.7129087448120117
0.601967453956604
0.3617263436317444
0.5169237852096558
0.6343190670013428
0.37533432245254517
0.7881302237510681
0.6114762425422668
0.62419193983078
0.4990769624710083
0.7001340389251709
0.7478443384170532
0.6949913501739502
0.7116579413414001
0.609001100063324
0.7248853445053101
0.5978715419769287
0.4505085349082947
0.652908444404602
0.323336660861969
0.7951644659042358
0.6976336240768433
0.5975764989852905
0.6776469945907593
0.6958685517311096
0.5973168015480042
0.6600546836853027
0.8013144731521606
0.7199262380599976
0.5524669885635376
0.6759014129638672
0.5285311937332153
0.3901076912879944
0.5778897404670715
0.6163521409034729
0.4951900243759155
0.6204531788825989
0.43421921133995056
0.6146628260612488
0.6107087135314941
0.7039955258369446
0.5588116645812988
0.6916290521621704
0.763822615146637
0.7625328302383423
0.7216728329658508
0.525208055973053
0.8756654262542725
0.6067392826080322
0.6772376298904419
0.6922304034233093
0.8548750281333923
0.48505520820617676
0.5882348418235779
0.5503332614898682
0.740748405456543
0.775546133518219
0.809228777885437
0.7022523283958435
0.6391493082046509
0.7346774935722351
0.3617466688156128
0.6278771162033081
0.7262289524078369
0.7302299737930298
0.6328744292259216
0.553089439868927
0.2520754933357239
0.7357264161109924
0.6243704557418823
0.6750586032867432
0.8041614890098572
0.7749075293540955
0.5054851174354553
0.5067186951637268
0.19049125909805298
0.285756915807724
0.6744102239608765
0.6126885414123535
0.7593160271644592
0.6170396208763123
0.49976977705955505
0.6202292442321777
0.5325390100479126
0.672694981098175
0.712059736251831
0.5641800761222839
0.5122639536857605
0.4155125319957733
0.3647792935371399
0.5146121382713318
0.5758485794067383
0.6814610362052917
0.8224672079086304
0.549797773361206
0.761029839515686
0.8310158848762512
0.5367506742477417
0.7500933408737183
0.5734243988990784
0.7019333839416504
0.7794547080993652
0.7813039422035217
0.5705845952033997
0.8061707019805908
0.5077142715454102
0.5834338068962097
0.4776417016983032
0.574171245098114
0.7618789672851562
0.8389191031455994
0.7908200621604919
0.8547693490982056
0.8148208260536194
0.6962871551513672
0.6286096572875977
0.4747578501701355
0.6393939852714539
0.5936342477798462
0.7064985036849976
0.777915358543396
0.5637148022651672
0.697055995464325
0.7914020419120789
0.795119047164917
0.7202297449111938
0.8335321545600891
0.5758683681488037
0.474060595035553
0.816867470741272
0.5885734558105469
0.6483414769172668
0.4928387403488159
0.7461477518081665
0.6704414486885071
0.6387581825256348
0.7314663529396057
0.803259015083313
0.5966075658798218
0.5702834129333496
0.5760183334350586
0.666353702545166
0.4227966368198395
0.4959537386894226
0.6001518368721008
0.6589210033416748
0.8363217711448669
0.633449137210846
0.18843793869018555
0.6583369970321655
0.8456947207450867
0.5063430070877075
0.4865032732486725
0.7034149765968323
0.6343613266944885
0.7858072519302368
0.5278182029724121
0.6648029685020447
0.4576060175895691
0.5019951462745667
0.6939905881881714
0.4252971410751343
0.682064950466156
0.41943612694740295
0.7336095571517944
0.613533079624176
0.4331304132938385
0.5119256377220154
0.78690505027771
0.725325345993042
0.7201942801475525
0.9079335927963257
0.60099196434021
0.635162889957428
0.7998424172401428
0.4660303592681885
0.6439817547798157
0.5361882448196411
0.6248098611831665
0.7357528209686279
0.6372225880622864
0.8081533908843994
0.612629771232605
0.7197815179824829
0.5169549584388733
0.5664974451065063
0.6319904923439026
0.589905321598053
0.8118314146995544
0.3431830108165741
0.30740028619766235
0.7821535468101501
0.8294265270233154
0.7849032282829285
0.8843556642532349
0.853376030921936
0.5851243138313293
0.6670509576797485
0.6679166555404663
0.40595948696136475
0.7329673767089844
0.7191836833953857
0.6533915400505066
0.8939444422721863
0.6315937638282776
0.7315813899040222
0.5046725869178772
0.7182879447937012
0.5700711011886597
0.7685251832008362
0.5215834379196167
0.551611065864563
0.6369819641113281
0.5845210552215576
0.7189451456069946
0.28989481925964355
0.6217891573905945
0.8573824763298035
0.6427556872367859
0.6961732506752014
0.6344906091690063
0.8660989999771118
0.7551812529563904
0.6707891225814819
0.5271245241165161
0.5991907119750977
0.42683038115501404
0.5047138333320618
0.8894971609115601
0.458767294883728
0.5311748385429382
0.7107199430465698
0.5713960528373718
0.7604937553405762
0.71149742603302
0.538857638835907
0.761248767375946
0.6693453788757324
0.7058231830596924
0.6851106286048889
0.6815670132637024
0.7771325707435608
0.5702791810035706
0.55765700340271
0.712739884853363
0.7284305691719055
0.7735453844070435
0.6370415687561035
0.7878565192222595
0.5677194595336914
0.7364458441734314
0.5282161235809326
0.4682871699333191
0.5317113995552063
0.687248706817627
0.8481247425079346
0.6715288758277893
0.8101760745048523
0.3609139919281006
0.5169858932495117
0.4403276741504669
0.5597701072692871
0.6430776119232178
0.7425418496131897
0.3841133415699005
0.556535542011261
0.5308342576026917
0.5866339802742004
0.3521563410758972
0.7145045399665833
0.7097741365432739
0.69742351770401
0.7015027403831482
0.8629206418991089
0.6723548173904419
0.9004994034767151
0.6577521562576294
0.7373824119567871
0.5348620414733887
0.5349892973899841
0.655968964099884
0.7757036685943604
0.3426564037799835
0.5783553123474121
0.5525432825088501
0.7617554068565369
0.6400802731513977
0.5875621438026428
0.6914357542991638
0.5649315714836121
0.45454129576683044
0.7057209014892578
0.5386626720428467
0.4706718325614929
0.6524478793144226
0.699681282043457
0.6359269618988037
0.6005879640579224
0.6856628656387329
0.5362421274185181
0.6789935827255249
0.5498074293136597
0.6998968720436096
0.6032441258430481
0.6691514849662781
0.7390133738517761
0.6324232220649719
0.5928782820701599
0.5711525678634644
0.5631458163261414
0.7028024196624756
0.7252638936042786
0.40881356596946716
0.8249807357788086
0.7205761075019836
0.7463976144790649
0.8589512705802917
0.4843520522117615
0.653055727481842
0.7303831577301025
0.4454757869243622
0.5462360978126526
0.33904746174812317
0.46039074659347534
0.6902605295181274
0.6545532941818237
0.622590959072113
0.21270085871219635
0.5544069409370422
0.7565245032310486
0.7725779414176941
0.6495510935783386
0.9413274526596069
0.6825089454650879
0.8422335982322693
0.6956926584243774
0.5194580554962158
0.4792482852935791
0.5452780723571777
0.5732818841934204
0.3579927086830139
0.7297024726867676
0.6325590014457703
0.7447601556777954
0.6987190246582031
0.35740795731544495
0.47924524545669556
0.4678831100463867
0.6979262828826904
0.8149163126945496
0.5490389466285706
0.5199329257011414
0.5575855374336243
0.6634476780891418
0.8083796501159668
0.8803533911705017
0.7729396820068359
0.32626017928123474
0.7245922088623047
0.46321892738342285
0.8614907264709473
0.589440107345581
0.5056580901145935
0.5553841590881348
0.4801730811595917
0.6975184082984924
0.5195191502571106
0.5599367618560791
0.6114116907119751
0.6402762532234192
0.4163266718387604
0.5738241672515869
0.531204104423523
0.6812916398048401
0.8330789804458618
0.7199519872665405
0.7169671654701233
0.72345370054245
0.8520882725715637
0.5013822317123413
0.414242684841156
0.6315750479698181
0.7013698220252991
0.3500647246837616
0.5993359088897705
0.5102949738502502
0.6105910539627075
0.626990556716919
0.6270475387573242
0.7024306654930115
0.5427532196044922
0.744245171546936
0.676901638507843
0.659069836139679
0.7322814464569092
0.8223221302032471
0.8169254660606384
0.5831006169319153
0.8437896966934204
0.6557707190513611
0.37890616059303284
0.6586309671401978
0.6132100224494934
0.6047074198722839
0.5666171312332153
0.5397266149520874
0.7579840421676636
0.7367240786552429
0.590524435043335
0.6298041343688965
0.5649331212043762
0.4889013171195984
0.7403648495674133
0.7348766326904297
0.828327476978302
0.5763407349586487
0.736827552318573
0.5106068253517151
0.6612103581428528
0.7273932099342346
0.5540060997009277
0.6202747821807861
0.46951591968536377
0.5195757150650024
0.7369699478149414
0.7262957692146301
0.8264592289924622
0.9082127809524536
0.5425300598144531
0.48248302936553955
0.8952511548995972
0.7267773151397705
0.6079285144805908
0.7518219947814941
0.7452002167701721
0.6393929123878479
0.5311589241027832
0.626543402671814
0.5612571835517883
0.5900186896324158
0.7022032141685486
0.5504551529884338
0.49506819248199463
0.3356502950191498
0.6208474040031433
0.7031495571136475
0.5818226337432861
0.7071007490158081
0.5716881155967712
0.7589189410209656
0.597459077835083
0.697281539440155
0.5509133338928223
0.4358827769756317
0.23998118937015533
0.29432570934295654
0.33696091175079346
0.6950598359107971
0.655907154083252
0.8548276424407959
0.5859252214431763
0.6079323291778564
0.8131774067878723
0.5498996376991272
0.5939056873321533
0.3901996910572052
0.6859603524208069
0.5101197361946106
0.5696813464164734
0.7704267501831055
0.6446456909179688
0.6241830587387085
0.5837414264678955
0.7129976749420166
0.741644561290741
0.7307199239730835
0.5906543731689453
0.8884815573692322
0.383531779050827
0.5598809719085693
0.5587314963340759
0.8367273807525635
0.7126621603965759
0.6488588452339172
0.5414313077926636
0.5262213945388794
0.684654712677002
0.5941272974014282
0.4253731369972229
0.7208742499351501
0.811190664768219
0.7005594372749329
0.5247253775596619
0.42742669582366943
0.7928063273429871
0.6945626139640808
0.722308874130249
0.8240751028060913
0.6017315983772278
0.6738027930259705
0.751440167427063
0.5439398288726807
0.44955211877822876
0.5968571901321411
0.6621387600898743
0.2812243402004242
0.6728594303131104
0.42187678813934326
0.6975865364074707
0.5485147833824158
0.8305474519729614
0.6256170272827148
0.644420325756073
0.6313030123710632
0.37657615542411804
0.49929821491241455
0.5765091180801392
0.543380618095398
0.4381687343120575
0.6052773594856262
0.47557151317596436
0.5988153219223022
0.377483606338501
0.6513826847076416
0.9351965188980103
0.3337010443210602
0.6526984572410583
0.655745804309845
0.5384194850921631
0.6085008978843689
0.6411721110343933
0.617621898651123
0.4916215240955353
0.5473749041557312
0.397103875875473
0.7545384168624878
0.5054720640182495
0.5124624967575073
0.706322968006134
0.6310359835624695
0.3924022912979126
0.6405093669891357
0.6835865378379822
0.6521962881088257
0.6635788679122925
0.6154875159263611
0.2652647793292999
0.6169281005859375
0.7512867450714111
0.7125434279441833
0.7091625928878784
0.6538442373275757
0.6851602792739868
0.48253747820854187
0.7389035820960999
0.5656482577323914
0.5017434358596802
0.7618967890739441
0.6612299084663391
0.4907407760620117
0.5263367295265198
0.6889308094978333
0.6804671883583069
0.7127315402030945
0.5235223174095154
0.7147712707519531
0.792622983455658
0.753670334815979
0.5632020235061646
0.8014616370201111
0.5936992764472961
0.5693272352218628
0.640154242515564
0.7194932699203491
0.5140542984008789
0.8046812415122986
0.6229594349861145
0.5668120384216309
0.6225680112838745
0.5838326811790466
0.674656331539154
0.8416292667388916
0.7198776602745056
0.6869474649429321
0.6040911078453064
0.606138288974762
0.553207516670227
0.8527905941009521
0.7889061570167542
0.7506616115570068
0.5278956890106201
0.46231406927108765
0.5898977518081665
0.6865360140800476
0.6128658056259155
0.6315632462501526
0.5949753522872925
0.5973635911941528
0.7408440709114075
0.636327862739563
0.6660472750663757
0.5662145018577576
0.74168860912323
0.4923231899738312
0.6456418633460999
0.7034920454025269
0.44705668091773987
0.5459614992141724
0.7290024757385254
0.4928287863731384
0.4846522808074951
0.5142192840576172
0.62177973985672
0.7954171299934387
0.6553969383239746
0.6937106251716614
0.5979558229446411
0.7206908464431763
0.5236120820045471
0.5728407502174377
0.6216700673103333
0.6283642053604126
0.7775468230247498
0.6689453125
0.691650927066803
0.726759135723114
0.6240957975387573
0.4869273900985718
0.7241398096084595
0.7281819581985474
0.46269458532333374
0.5263830423355103
0.35204213857650757
0.6527823805809021
0.7164217829704285
0.6685528755187988
0.7041715979576111
0.7286020517349243
0.6172628402709961
0.786235511302948
0.6925908327102661
0.6687735915184021
0.6863271594047546
0.6909321546554565
0.5236080884933472
0.6997603178024292
0.5529387593269348
0.6492517590522766
0.863012433052063
0.8620129823684692
0.6132203340530396
0.559268057346344
0.7546284794807434
0.8500805497169495
0.60129714012146
0.53913813829422
0.7721202373504639
0.6827813386917114
0.5218815803527832
0.8837451934814453
0.7170014381408691
0.3560789227485657
0.4348370134830475
0.4743368923664093
0.7695063948631287
0.5776503086090088
0.8028780221939087
0.6623877882957458
0.6619945168495178
0.6527578234672546
0.5524945855140686
0.8487131595611572
0.589267373085022
0.5450240969657898
0.6234815120697021
0.7795894742012024
0.4095255434513092
0.4732457995414734
0.7009429931640625
0.7570173144340515
0.690949022769928
0.6827542781829834
0.6345874071121216
0.6039379239082336
0.662126362323761
0.5897658467292786
0.7509217262268066
0.42910608649253845
0.5022367238998413
0.6752864718437195
0.5003533959388733
0.46919670701026917
0.6854231357574463
0.5674893856048584
0.505980908870697
0.7980951070785522
0.8227037787437439
0.600041925907135
0.5581430196762085
0.3644803762435913
0.689027726650238
0.6217829585075378
0.7307314872741699
0.555167019367218
0.6626143455505371
0.7884886264801025
0.6698547005653381
0.6357020139694214
0.6437951922416687
0.6979870200157166
0.7180978655815125
0.6161883473396301
0.6648016571998596
0.8256494402885437
0.850210428237915
0.3784759044647217
0.7742181420326233
0.6496991515159607
0.5030936598777771
0.5931918025016785
0.7467828989028931
0.7609829306602478
0.7617132067680359
0.7003620266914368
0.4928281903266907
0.7361502647399902
0.5406904220581055
0.6798545122146606
0.6978338956832886
0.4506845474243164
0.6193797588348389
0.7241822481155396
0.7354843616485596
0.5066106915473938
0.6289893388748169
0.715688943862915
0.556856095790863
0.6809319853782654
0.7094852924346924
0.6006724238395691
0.5935911536216736
0.38431909680366516
0.7311170697212219
0.23303234577178955
0.14860987663269043
0.6931847929954529
0.7360707521438599
0.7891780138015747
0.5076597929000854
0.6895979642868042
0.5534825325012207
0.900668203830719
0.6893615126609802
0.746539831161499
0.5342366099357605
0.577433168888092
0.5631040930747986
0.731516420841217
0.41446661949157715
0.8594342470169067
0.816744327545166
0.5218561291694641
0.6108309626579285
0.46958857774734497
0.6048263311386108
0.7357355952262878
0.7309439778327942
0.5929281115531921
0.7170376777648926
0.6917629837989807
0.697385847568512
0.8228794932365417
0.4444086253643036
0.5867431163787842
0.649543046951294
0.624780535697937
0.47043919563293457
0.3604409992694855
0.7406395077705383
0.6704437732696533
0.7263578772544861
0.5713174939155579
0.8127073645591736
0.5847045183181763
0.6545027494430542
0.7558193802833557
0.5074282288551331
0.6363294124603271
0.3978094160556793
0.5999858975410461
0.4331399202346802
0.3139527440071106
0.6126723885536194
0.7712568044662476
0.6115416288375854
0.8071450591087341
0.8180167078971863
0.7006908059120178
0.6162161827087402
0.6865428686141968
0.5329371690750122
0.37101978063583374
0.6486093401908875
0.7319362163543701
0.6303709149360657
0.653186559677124
0.8495523929595947
0.2956850528717041
0.31494396924972534
0.8931517601013184
0.5144457221031189
0.6626443266868591
0.6882740259170532
0.685252845287323
0.7446824312210083
0.8032879829406738
0.742255687713623
0.8098647594451904
0.32804954051971436
0.27993088960647583
0.7788418531417847
0.32716983556747437
0.8711099624633789
0.6438108682632446
0.6310253739356995
0.6760117411613464
0.6934574842453003
0.4916526973247528
0.43619170784950256
0.8324992656707764
0.5284234881401062
0.4967710077762604
0.4291357100009918
0.7400915026664734
0.6043601632118225
0.7285796403884888
0.5804890990257263
0.5884090662002563
0.44792166352272034
0.5753591656684875
0.5692815780639648
0.7711995840072632
0.791759192943573
0.7391793131828308
0.8486771583557129
0.46437230706214905
0.5989853143692017
0.6737833023071289
0.3705325126647949
0.7125457525253296
0.5251515507698059
0.5710654258728027
0.5601025819778442
0.6292744278907776
0.4214112162590027
0.4307236671447754
0.46902352571487427
0.7725026607513428
0.697738528251648
0.4858241677284241
0.33187469840049744
0.7421613931655884
0.7498877644538879
0.4725243151187897
0.639758288860321
0.8462604284286499
0.45116937160491943
0.3710235357284546
0.7517317533493042
0.6465429663658142
0.7187501788139343
0.6005241274833679
0.5995954275131226
0.5386745929718018
0.8960702419281006
0.5140243172645569
0.6349988579750061
0.7154237031936646
0.598713755607605
0.5822170972824097
0.6689286828041077
0.41123342514038086
0.46538275480270386
0.639495313167572
0.45879584550857544
0.8026870489120483
0.7204343676567078
0.504668653011322
0.5233505964279175
0.684481143951416
0.7025088667869568
0.6847231984138489
0.5347387790679932
0.579095184803009
0.43019041419029236
0.6330353617668152
0.769603431224823
0.7454927563667297
0.7576035261154175
0.7453320026397705
0.3452422320842743
0.6713319420814514
0.5792340040206909
0.7263544201850891
0.6261907815933228
0.6246540546417236
0.7772634029388428
0.6114919781684875
0.7094618678092957
0.8559021353721619
0.8518968820571899
0.6979233622550964
0.6968259215354919
0.7174930572509766
0.6728185415267944
0.6930243968963623
0.7124035358428955
0.7096295356750488
0.6944806575775146
0.6431463360786438
0.5269281268119812
0.7076041102409363
0.642620325088501
0.7135791182518005
0.5308874845504761
0.5127165913581848
0.7640262246131897
0.6847800612449646
0.7972505688667297
0.5982885360717773
0.5722617506980896
0.6227172017097473
0.4202006161212921
0.7950349450111389
0.45600783824920654
0.38806241750717163
0.4054291844367981
0.7166046500205994
0.5865694284439087
0.6086739897727966
0.7883946299552917
0.6195078492164612
0.7623446583747864
0.6702249646186829
0.7523537874221802
0.4470440745353699
0.6510655283927917
0.5638877749443054
0.5836833119392395
0.49405258893966675
0.4083530008792877
0.5079745650291443
0.5405265092849731
0.5145033597946167
0.4524969160556793
0.5387107133865356
0.4662359058856964
0.4971936047077179
0.6603444218635559
0.5944225192070007
0.6087923645973206
0.6131380796432495
0.6495880484580994
0.5783969759941101
0.6164060235023499
0.7095814943313599
0.3875645399093628
0.7549349665641785
0.5742779970169067
0.6426591873168945
0.4575974643230438
0.7366827726364136
0.6491709351539612
0.25285181403160095
0.6255477070808411
0.7153069972991943
0.39928582310676575
0.3842419981956482
0.6990395188331604
0.5471681356430054
0.8329104781150818
0.7447879314422607
0.7883073687553406
0.8104114532470703
0.6190069317817688
0.7000184655189514
0.7408636808395386
0.779608428478241
0.5792543292045593
0.622409462928772
0.7444460988044739
0.7781563401222229
0.7398390173912048
0.8786119222640991
0.8358632922172546
0.336061954498291
0.4778786599636078
0.5313136577606201
0.7926099300384521
0.6354097723960876
0.6218861937522888
0.4371010363101959
0.6235082149505615
0.5602855682373047
0.5037455558776855
0.47530898451805115
0.6272352933883667
0.5780207514762878
0.6590372920036316
0.6813812851905823
0.8860795497894287
0.64821457862854
0.7264381051063538
0.7274637818336487
0.8223628401756287
0.7413550019264221
0.5663279294967651
0.7155455946922302
0.8939527869224548
0.6593024134635925
0.5763009786605835
0.5659902691841125
0.7946686744689941
0.7498301267623901
0.7281673550605774
0.596526026725769
0.6671501398086548
0.6277150511741638
0.6414669156074524
0.7019833922386169
0.7996357679367065
0.6520287394523621
0.6017305254936218
0.6069546341896057
0.3782862722873688
0.6708192825317383
0.5875691175460815
0.7205866575241089
0.7473242282867432
0.608009934425354
0.6376596689224243
0.7711852192878723
0.6035680174827576
0.7175135612487793
0.7303279042243958
0.3727523982524872
0.8529272675514221
0.6976262927055359
0.544324517250061
0.5042019486427307
0.6376869082450867
0.6128494739532471
0.780238687992096
0.6520732045173645
0.6028438806533813
0.5862081050872803
0.5428564548492432
0.3979456126689911
0.5537112355232239
0.7423275113105774
0.8435145616531372
0.9114580154418945
0.6510307788848877
0.6201675534248352
0.7228416204452515
0.3387693762779236
0.5375348925590515
0.4759158790111542
0.6623918414115906
0.652795135974884
0.49383842945098877
0.5745731592178345
0.7009007930755615
0.7109981775283813
0.6874940395355225
0.6605432033538818
0.5679603815078735
0.5499514937400818
0.6753199696540833
0.7452794313430786
0.7062361240386963
0.5826947093009949
0.7102184891700745
0.7240443229675293
0.7250714302062988
0.5273625254631042
0.6796159148216248
0.7930541038513184
0.8287950754165649
0.9013746976852417
0.7817388772964478
0.5905033946037292
0.3902181088924408
0.6298332810401917
0.724987268447876
0.70658940076828
0.6838715076446533
0.7396752834320068
0.6824086904525757
0.4638040065765381
0.5711159110069275
0.8428394198417664
0.6247814297676086
0.6326009035110474
0.8906934857368469
0.5786321759223938
0.1940852701663971
0.6956941485404968
0.44265273213386536
0.7354417443275452
0.6328325271606445
0.6927323937416077
0.5578939914703369
0.4030836224555969
0.5811916589736938
0.6162285804748535
0.564588189125061
0.45456036925315857
0.42464479804039
0.4277348518371582
0.6252344250679016
0.5731591582298279
0.7968178987503052
0.576350748538971
0.7421955466270447
0.6752647757530212
0.7381543517112732
0.325916588306427
0.4915231466293335
0.7528960704803467
0.7865185141563416
0.4522673785686493
0.8903467655181885
0.8261418342590332
0.7709006071090698
0.5809891223907471
0.7247296571731567
0.6797741055488586
0.7743362188339233
0.8504544496536255
0.5636276006698608
0.5532647371292114
0.7320883870124817
0.6866118311882019
0.5212482213973999
0.6713159084320068
0.46425944566726685
0.7584405541419983
0.6905971169471741
0.6632795929908752
0.6544021368026733
0.7551485896110535
0.7981615662574768
0.534008800983429
0.7618889808654785
0.4622207581996918
0.5366718769073486
0.7353690266609192
0.6457098722457886
0.5769996047019958
0.4241364896297455
0.5004823207855225
0.6221712231636047
0.48279643058776855
0.3547854721546173
0.3815944790840149
0.5798340439796448
0.7428476810455322
0.7379229068756104
0.7127991914749146
0.7026271224021912
0.4436552822589874
0.6489232182502747
0.5895178914070129
0.5675802826881409
0.8174969553947449
0.7967851758003235
0.8890377283096313
0.641528308391571
0.6858282685279846
0.668701171875
0.5912564396858215
0.31825175881385803
0.6779131293296814
0.4458414912223816
0.4499872326850891
0.3655673563480377
0.4839131832122803
0.5134599208831787
0.41863420605659485
0.7432339787483215
0.754422664642334
0.6510493755340576
0.5665313601493835
0.7185720205307007
0.642240047454834
0.5572053790092468
0.5159732699394226
0.654026210308075
0.7722252607345581
0.8112983703613281
0.7957883477210999
0.643368661403656
0.6911112070083618
0.4545518457889557
0.7460001707077026
0.7945138812065125
0.6479132771492004
0.4288260042667389
0.639500617980957
0.311509907245636
0.4917367398738861
0.7734789252281189
0.6776466369628906
0.6489341259002686
0.7222098708152771
0.6582120060920715
0.7446236610412598
0.6935357451438904
0.7096476554870605
0.7298896908760071
0.641681432723999
0.6565570831298828
0.5330596566200256
0.6568021178245544
0.45200473070144653
0.5968303680419922
0.45663967728614807
0.49437612295150757
0.48467713594436646
0.7141342163085938
0.6730872988700867
0.5566014051437378
0.6898431181907654
0.8809440732002258
0.27906933426856995
0.4549398422241211
0.298092246055603
0.7034275531768799
0.6026390194892883
0.5348039865493774
0.8717554807662964
0.5550780296325684
0.9430990815162659
0.7191120982170105
0.5519271492958069
0.6575734615325928
0.605549693107605
0.6799297332763672
0.788007378578186
0.6465107202529907
0.8037034869194031
0.383791446685791
0.7157115340232849
0.439444363117218
0.7715253233909607
0.5959655046463013
0.5872431397438049
0.7376639246940613
0.49084407091140747
0.7012150883674622
0.5080269575119019
0.5480784773826599
0.5432632565498352
0.6157707571983337
0.5134756565093994
0.7851916551589966
0.7801814079284668
0.8341906070709229
0.718608021736145
0.6248806118965149
0.727626383304596
0.602850615978241
0.6432355046272278
0.7630552053451538
0.5880422592163086
0.6858418583869934
0.7009897828102112
0.5385662317276001
0.6890528202056885
0.6902037858963013
0.5390918254852295
0.5454457998275757
0.40188634395599365
0.480352520942688
0.8475126028060913
0.5059833526611328
0.598667323589325
0.49037161469459534
0.41998374462127686
0.6672778129577637
0.6159037351608276
0.7151135206222534
0.584587574005127
0.4342658221721649
0.5408569574356079
0.6962862610816956
0.46229591965675354
0.4225578010082245
0.8596724271774292
0.4954083263874054
0.8623841404914856
0.6692813634872437
0.5810842514038086
0.7198893427848816
0.5691291093826294
0.7565469145774841
0.8106430172920227
0.6671380400657654
0.36353951692581177
0.34443849325180054
0.6554137468338013
0.7205618619918823
0.7484716176986694
0.6638472080230713
0.7043604850769043
0.7739906311035156
0.6609772443771362
0.7844034433364868
0.8863431215286255
0.7461443543434143
0.5416530966758728
0.7289289236068726
0.5110052824020386
0.24971018731594086
0.6281242370605469
0.3005368411540985
0.30224138498306274
0.5899267196655273
0.7375609278678894
0.49109548330307007
0.6071171760559082
0.5489416718482971
0.7362070083618164
0.5350519418716431
0.5611305236816406
0.6188578009605408
0.5742108821868896
0.7253724336624146
0.5531394481658936
0.6350629329681396
0.7194977402687073
0.7395625710487366
0.4299938380718231
0.44257789850234985
0.614604115486145
0.6575369238853455
0.5850489735603333
0.6066763401031494
0.5756132006645203
0.44285646080970764
0.6395407915115356
0.6500838398933411
0.7958164215087891
0.795187771320343
0.6927996873855591
0.6804612278938293
0.6752782464027405
0.8865213394165039
0.5647222995758057
0.501814067363739
0.7374445199966431
0.3973006010055542
0.6675053238868713
0.4168517589569092
0.7371100783348083
0.7978246212005615
0.8262680768966675
0.7343493700027466
0.6491398811340332
0.7828290462493896
0.7350969910621643
0.3257085978984833
0.7822893261909485
0.7756186723709106
0.8220965266227722
0.5418081283569336
0.7657530903816223
0.6137914061546326
0.4861180782318115
0.5145734548568726
0.4632742702960968
0.5753896236419678
0.5465428233146667
0.7565410137176514
0.7493259906768799
0.6764445900917053
0.6468456387519836
0.8319817185401917
0.6170911192893982
0.8161431550979614
0.617581307888031
0.5219972133636475
0.6980290412902832
0.5762869715690613
0.4392685890197754
0.6431546211242676
0.43327462673187256
0.5718584656715393
0.770575761795044
0.7244670987129211
0.546992838382721
0.5390611886978149
0.3688398599624634
0.6368560194969177
0.7242392301559448
0.7768502831459045
0.7074931859970093
0.7433367371559143
0.6374406218528748
0.577191174030304
0.8450368046760559
0.2768186926841736
0.5627481341362
0.6801097393035889
0.6785613894462585
0.8146505355834961
0.6585487723350525
0.6885503530502319
0.5407729148864746
0.5251652598381042
0.6719627976417542
0.8555190563201904
0.7026354670524597
0.5784189701080322
0.6952812671661377
0.8854606747627258
0.8289679288864136
0.8400579690933228
0.8707590103149414
0.6851860284805298
0.3291039764881134
0.860256016254425
0.6606484055519104
0.6367862820625305
0.43633201718330383
0.5829856395721436
0.6046927571296692
0.5406701564788818
0.6450828909873962
0.43837007880210876
0.38436025381088257
0.5446801781654358
0.6700496077537537
0.8511624932289124
0.6112454533576965
0.8335044384002686
0.7019890546798706
0.644230306148529
0.5674506425857544
0.49270501732826233
0.7032858729362488
0.5689162611961365
0.6146470308303833
0.6549816727638245
0.7810708284378052
0.7841059565544128
0.40700143575668335
0.7969388365745544
0.6808346509933472
0.7212586402893066
0.5060634613037109
0.6071288585662842
0.6989759802818298
0.625263512134552
0.6458491683006287
0.6505558490753174
0.8325791954994202
0.4931993782520294
0.6353970170021057
0.9003531336784363
0.634404182434082
0.4204813838005066
0.8280916810035706
0.7007076740264893
0.642170250415802
0.6050623655319214
0.6385765075683594
0.588936984539032
0.409412682056427
0.3692963123321533
0.2308831661939621
0.2686588764190674
0.41920873522758484
0.8381845355033875
0.6861316561698914
0.5487477779388428
0.5588985681533813
0.7799056768417358
0.7485753297805786
0.8215145468711853
0.7259158492088318
0.8406717777252197
0.5644161105155945
0.4998936951160431
0.6028428673744202
0.6748449802398682
0.5341547727584839
0.5581943988800049
0.7266982793807983
0.7928133606910706
0.5771133899688721
0.6050694584846497
0.7063719630241394
0.7517807483673096
0.37804338335990906
0.559395432472229
0.6598106026649475
0.6109580397605896
0.5914139151573181
0.6090632677078247
0.7804983854293823
0.3970780074596405
0.5753836631774902
0.6968299150466919
0.4798135459423065
0.6789931654930115
0.7062863111495972
0.6605417132377625
0.8122536540031433
0.6706607937812805
0.741982638835907
0.8014559745788574
0.8481118679046631
0.6391716599464417
0.315081387758255
0.5747070908546448
0.7836000323295593
0.33529043197631836
0.6229992508888245
0.6376646161079407
0.6677021384239197
0.49181127548217773
0.7164823412895203
0.5435655117034912
0.4605881869792938
0.7419191002845764
0.6314936280250549
0.568586528301239
0.8252426981925964
0.4115399122238159
0.47449827194213867
0.8042836785316467
0.6045984625816345
0.7361769080162048
0.601428747177124
0.39814817905426025
0.5366066098213196
0.7950687408447266
0.7532582879066467
0.7736666202545166
0.4449019432067871
0.5085914134979248
0.5944041013717651
0.5274708867073059
0.7090821266174316
0.6622235774993896
0.6488373875617981
0.8549833297729492
0.758734941482544
0.6410808563232422
0.6796061396598816
0.5759994387626648
0.6368300914764404
0.7407767176628113
0.7109529972076416
0.8501114845275879
0.8055408000946045
0.7222638726234436
0.5957708954811096
0.6051790118217468
0.8990354537963867
0.7094313502311707
0.772007405757904
0.5698133111000061
0.4726262092590332
0.4629759192466736
0.7523999810218811
0.7778752446174622
0.4817609488964081
0.72590172290802
0.6981163024902344
0.5284183025360107
0.6734179258346558
0.6469770669937134
0.8381562829017639
0.6803798079490662
0.4716159999370575
0.635132372379303
0.6009843945503235
0.7061403393745422
0.8712614178657532
0.7147611379623413
0.7068400979042053
0.6131044030189514
0.654667854309082
0.6358737945556641
0.5193349123001099
0.41206443309783936
0.8465198874473572
0.5809857249259949
0.6765174269676208
0.33784428238868713
0.711918294429779
0.6877326369285583
0.3720971345901489
0.6466071009635925
0.776541531085968
0.6365916728973389
0.7614376544952393
0.6305375695228577
0.8377397656440735
0.4683852791786194
0.5364880561828613
0.621387779712677
0.5246366858482361
0.3796667158603668
0.7729373574256897
0.6994816660881042
0.5595710277557373
0.774480938911438
0.6501925587654114
0.4835180640220642
0.6336213946342468
0.7733961343765259
0.6246204376220703
0.6110462546348572
0.36898988485336304
0.7379311919212341
0.7892021536827087
0.736204206943512
0.6590145230293274
0.7637147903442383
0.6437695026397705
0.4411637783050537
0.6791632175445557
0.39099639654159546
0.5250682234764099
0.855534017086029
0.7748851180076599
0.6611696481704712
0.6315231323242188
0.5320663452148438
0.708499014377594
0.44261863827705383
0.6665207147598267
0.5211811065673828
0.4770149290561676
0.6561183929443359
0.703713059425354
0.5996043086051941
0.6146247386932373
0.6975937485694885
0.6126249432563782
0.6198148131370544
0.6455463171005249
0.5525623559951782
0.7635197043418884
0.5528821349143982
0.840986967086792
0.5820992588996887
0.7155994176864624
0.7818593978881836
0.7885295152664185
0.4733899235725403
0.4791305661201477
0.3749220073223114
0.8446091413497925
0.3844878375530243
0.6962902545928955
0.698281466960907
0.45543885231018066
0.8008990287780762
0.662541389465332
0.8893922567367554
0.8805409669876099
0.5315111875534058
0.2783571779727936
0.5572483539581299
0.6020180583000183
0.633971631526947
0.6894389390945435
0.6656062006950378
0.6810301542282104
0.8131210207939148
0.7420291304588318
0.7217714786529541
0.6676301956176758
0.6378610134124756
0.7746806144714355
0.6378524899482727
0.5367339253425598
0.5080702900886536
0.7600191235542297
0.5004435777664185
0.6220278739929199
0.3621990978717804
0.6995652318000793
0.8061625361442566
0.6506844162940979
0.3715037405490875
0.7007593512535095
0.7821948528289795
0.4150492250919342
0.8715695142745972
0.8010000586509705
0.5773923993110657
0.6610134840011597
0.616863489151001
0.3903616666793823
0.708404541015625
0.704319417476654
0.8539817333221436
0.6385040879249573
0.301248162984848
0.34678536653518677
0.23562553524971008
0.7543662786483765
0.7118309736251831
0.760668158531189
0.8298320174217224
0.8250129818916321
0.6723309755325317
0.7049597501754761
0.3895342946052551
0.6148803234100342
0.8169552683830261
0.6201958060264587
0.7121332883834839
0.7182230353355408
0.8497433066368103
0.8686379194259644
0.8258886933326721
0.7034522891044617
0.7407280802726746
0.6183699369430542
0.8753355741500854
0.7718570232391357
0.7329934239387512
0.7159934639930725
0.5856970548629761
0.49928179383277893
0.8041994571685791
0.5936673283576965
0.7550603747367859
0.6265939474105835
0.6763876080513
0.6685242056846619
0.7839544415473938
0.6317051649093628
0.6132646203041077
0.41965943574905396
0.7432337403297424
0.613362729549408
0.573064386844635
0.5511901378631592
0.7864816784858704
0.6422342658042908
0.6761270761489868
0.5210719108581543
0.6428025364875793
0.5818277597427368
0.30668216943740845
0.5537283420562744
0.6584855318069458
0.7898229360580444
0.60584956407547
0.7272457480430603
0.6249871253967285
0.5076441168785095
0.5499040484428406
0.6788575649261475
0.7477378845214844
0.7203819751739502
0.8131672143936157
0.7837603092193604
0.652673065662384
0.6597288846969604
0.7636736035346985
0.48053866624832153
0.597946286201477
0.5708239674568176
0.6470223069190979
0.641471803188324
0.7280052304267883
0.6155985593795776
0.6867554187774658
0.6148670315742493
0.6927258372306824
0.8314024209976196
0.7764220237731934
0.6859294176101685
0.5962023138999939
0.6842862963676453
0.7355184555053711
0.4830319881439209
0.5877667665481567
0.28342553973197937
0.25680413842201233
0.6818071007728577
0.5952128767967224
0.5039794445037842
0.7533687353134155
0.42078790068626404
0.4895152449607849
0.739586353302002
0.912833034992218
0.8423711657524109
0.591423511505127
0.5985054969787598
0.6723088026046753
0.6779668927192688
0.5065023899078369
0.5638435482978821
0.9017090797424316
0.781263530254364
0.6580952405929565
0.3536616265773773
0.872521162033081
0.46267345547676086
0.32633015513420105
0.6904864311218262
0.5730847120285034
0.5424360632896423
0.7237014770507812
0.7365336418151855
0.5203227996826172
0.6805621385574341
0.6164867281913757
0.7717771530151367
0.6039447784423828
0.5305742621421814
0.4962212145328522
0.6199656128883362
0.5762295722961426
0.623393177986145
0.7775771021842957
0.5352855920791626
0.6778387427330017
0.5732609033584595
0.9086974263191223
0.6294218301773071
0.5891242623329163
0.6130324006080627
0.45348861813545227
0.5723680257797241
0.63778156042099
0.7541019320487976
0.6658369302749634
0.7185717821121216
0.7582101821899414
0.5370425581932068
0.5859443545341492
0.5570113062858582
0.47422415018081665
0.4897801876068115
0.5057570934295654
0.7772740721702576
0.5788763761520386
0.7997685670852661
0.5118954181671143
0.7892892360687256
0.655000627040863
0.5940704941749573
0.7759561538696289
0.6223496794700623
0.5930736064910889
0.4661064147949219
0.6120666265487671
0.650319516658783
0.625723123550415
0.6871547102928162
0.7013145089149475
0.2872757911682129
0.44220536947250366
0.6626914143562317
0.5114606618881226
0.681296169757843
0.7304092645645142
0.7026113271713257
0.5761374831199646
0.6336159110069275
0.7011597156524658
0.6240572333335876
0.5928530097007751
0.5691521167755127
0.6347646713256836
0.7848840951919556
0.794784426689148
0.5723702311515808
0.7540128231048584
0.7084291577339172
0.8390699625015259
0.5746767520904541
0.5038911700248718
0.7084210515022278
0.6766963005065918
0.6672844886779785
0.6254227161407471
0.7199235558509827
0.7303497195243835
0.6356824636459351
0.6254952549934387
0.6337945461273193
0.8818934559822083
0.6184149980545044
0.6868839859962463
0.6295700669288635
0.6230921149253845
0.6676703095436096
0.45810338854789734
0.6889393925666809
0.8142079710960388
0.5720278024673462
0.646862804889679
0.901378333568573
0.7310281991958618
0.3862069845199585
0.4558764696121216
0.5862739682197571
0.5761415958404541
0.5926723480224609
0.7845705151557922
0.6572654843330383
0.8859803080558777
0.7322512865066528
0.6446943879127502
0.8343929648399353
0.8378125429153442
0.8119304180145264
0.6811711192131042
0.7240627408027649
0.6995473504066467
0.6469013094902039
0.5927485227584839
0.6934475302696228
0.3522021472454071
0.6316180229187012
0.5878690481185913
0.8181945085525513
0.6768931746482849
0.6020472645759583
0.7391189336776733
0.607918381690979
0.7026501893997192
0.6268795132637024
0.700052797794342
0.7280935645103455
0.9256300926208496
0.8793771266937256
0.6902796030044556
0.8629611134529114
0.5565909743309021
0.40560096502304077
0.6684411764144897
0.5799890160560608
0.571378767490387
0.7231357097625732
0.5763811469078064
0.6707440614700317
0.7287963032722473
0.7787901163101196
0.6881455183029175
0.6689128279685974
0.6414240598678589
0.5294494032859802
0.5980492830276489
0.6173318028450012
0.7995973825454712
0.8936924338340759
0.7080665230751038
0.4590097963809967
0.5279704332351685
0.650122344493866
0.6017711162567139
0.6631965637207031
0.5014045834541321
0.3817034959793091
0.5614781975746155
0.6871953010559082
0.7085612416267395
0.5211216807365417
0.2900712788105011
0.2969335913658142
0.5558223724365234
0.7222302556037903
0.6582454442977905
0.589137613773346
0.6050121784210205
0.7606670260429382
0.8554784655570984
0.6702247262001038
0.8431155681610107
0.5522450804710388
0.5925307273864746
0.5094215273857117
0.5478475689888
0.716059684753418
0.6009644865989685
0.7294953465461731
0.7954331636428833
0.6990311145782471
0.8357866406440735
0.6927902102470398
0.32993975281715393
0.7404651641845703
0.7509874105453491
0.5970594882965088
0.790461540222168
0.5457006096839905
0.5590415000915527
0.4330900013446808
0.44240355491638184
0.4576739966869354
0.5720825791358948
0.4696924686431885
0.7163342237472534
0.6036278605461121
0.6165476441383362
0.5983210206031799
0.6964806318283081
0.5162302851676941
0.7961113452911377
0.6411706805229187
0.4378249943256378
0.6823068857192993
0.7182672023773193
0.68234783411026
0.31983867287635803
0.5944688320159912
0.7421962022781372
0.6369348764419556
0.7395191192626953
0.6868336796760559
0.47090762853622437
0.7155239582061768
0.6861972212791443
0.6852163076400757
0.6652949452400208
0.5555098652839661
0.6986196041107178
0.6155276894569397
0.6293885707855225
0.4649796783924103
0.7587763667106628
0.5197692513465881
0.6501043438911438
0.5640538930892944
0.6885035037994385
0.599047839641571
0.5218534469604492
0.6173641085624695
0.5217272639274597
0.4369831383228302
0.6734175086021423
0.7258571982383728
0.7901971936225891
0.5920817255973816
0.5696438550949097
0.657341480255127
0.43571504950523376
0.6547149419784546
0.6985235214233398
0.797589898109436
0.40573999285697937
0.5704914927482605
0.5020502805709839
0.5615418553352356
0.734886109828949
0.5939409136772156
0.6359836459159851
0.48479706048965454
0.44846585392951965
0.7077269554138184
0.7698982954025269
0.8778303861618042
0.7252448201179504
0.7108996510505676
0.7639836668968201
0.6566553115844727
0.6474137902259827
0.5219783782958984
0.5177184343338013
0.5325862765312195
0.7890520095825195
0.3922373652458191
0.4576307535171509
0.5368785858154297
0.7097719311714172
0.8546085357666016
0.6454253792762756
0.48840758204460144
0.8670927882194519
0.4624536633491516
0.8543770909309387
0.29951125383377075
0.8133970499038696
0.5186291337013245
0.7020122408866882
0.6316282153129578
0.6184548735618591
0.7377888560295105
0.5464682579040527
0.635360062122345
0.49000483751296997
0.6525062918663025
0.6292981505393982
0.4540112614631653
0.23903197050094604
0.23509925603866577
0.7100318670272827
0.6117998957633972
0.3924144208431244
0.698584258556366
0.7171971201896667
0.7953115105628967
0.692288339138031
0.5707731246948242
0.6811313033103943
0.5030702948570251
0.8393977284431458
0.5636401176452637
0.469403475522995
0.7153591513633728
0.5754491686820984
0.8293013572692871
0.42975690960884094
0.32885581254959106
0.30293816328048706
0.6733086705207825
0.6098102927207947
0.7663812041282654
0.6556114554405212
0.5756431221961975
0.5107550024986267
0.651894211769104
0.4793180525302887
0.3791562616825104
0.5818799734115601
0.6984901428222656
0.578126847743988
0.6419520378112793
0.6248664855957031
0.5715579390525818
0.7576329708099365
0.45377546548843384
0.8182073831558228
0.66855788230896
0.6215127110481262
0.6156800985336304
0.7022072076797485
0.8001441955566406
0.5676349401473999
0.6929548382759094
0.5213600993156433
0.4320412278175354
0.5467365384101868
0.48563915491104126
0.4282490909099579
0.7664192914962769
0.8335042595863342
0.4026302397251129
0.41146013140678406
0.6581906676292419
0.8739402890205383
0.6300203204154968
0.6485231518745422
0.6207990646362305
0.7895233631134033
0.630114734172821
0.7623947858810425
0.7567776441574097
0.6584072113037109
0.705260157585144
0.6398269534111023
0.44800880551338196
0.5841080546379089
0.568695068359375
0.7838053703308105
0.8351247906684875
0.7891766428947449
0.49507471919059753
0.43858277797698975
0.6115171909332275
0.7688857316970825
0.5035182237625122
0.7375113368034363
0.5009896159172058
0.6514793038368225
0.73870450258255
0.5925576090812683
0.6357858777046204
0.6535146236419678
0.494987428188324
0.7219017148017883
0.49790817499160767
0.4881027638912201
0.433705598115921
0.4419735074043274
0.5728543400764465
0.5518636703491211
0.6782723665237427
0.6505088210105896
0.6964089870452881
0.5923194289207458
0.4278855621814728
0.5088261365890503
0.6803426742553711
0.763654887676239
0.7788600921630859
0.6315235495567322
0.7087340950965881
0.759741485118866
0.5152832865715027
0.37535223364830017
0.8236827254295349
0.5015679597854614
0.5681505799293518
0.6657827496528625
0.7391425371170044
0.41656363010406494
0.5578191876411438
0.6194397211074829
0.6831353306770325
0.7200004458427429
0.6233994960784912
0.5713162422180176
0.650260329246521
0.6519051790237427
0.6052073240280151
0.6594063639640808
0.6282998323440552
0.6317792534828186
0.5848271250724792
0.39594969153404236
0.8414824604988098
0.393906831741333
0.8279646039009094
0.7715856432914734
0.7670882940292358
0.9058833122253418
0.6710050106048584
0.7622648477554321
0.5975310206413269
0.500730037689209
0.4999740421772003
0.6489997506141663
0.822110652923584
0.4541705250740051
0.6340981125831604
0.6972163319587708
0.6570193767547607
0.45406532287597656
0.6480874419212341
0.5522809624671936
0.8560490608215332
0.7074835300445557
0.7034734487533569
0.6632835268974304
0.47183552384376526
0.7253963351249695
0.4703409969806671
0.7839738130569458
0.7428588271141052
0.41063573956489563
0.5828748345375061
0.4304790794849396
0.4138159155845642
0.7120401859283447
0.47163212299346924
0.7025944590568542
0.6396254301071167
0.6629706621170044
0.45026859641075134
0.3943100571632385
0.7066959738731384
0.7480088472366333
0.5701771974563599
0.527655839920044
0.6947943568229675
0.8281235098838806
0.5787093639373779
0.3298092186450958
0.5968998074531555
0.5060509443283081
0.6691432595252991
0.6293473839759827
0.7946388125419617
0.813117504119873
0.8538474440574646
0.479051798582077
0.6950979232788086
0.6147948503494263
0.6238766312599182
0.8026840686798096
0.5495662689208984
0.596226155757904
0.8010295629501343
0.7643654942512512
0.6134997010231018
0.45475539565086365
0.7173089385032654
0.7232937812805176
0.686591625213623
0.46099531650543213
0.5365276336669922
0.6057835817337036
0.6693371534347534
0.8266007900238037
0.7625645399093628
0.8733262419700623
0.5559244155883789
0.8569644093513489
0.5983288884162903
0.6577885746955872
0.47597745060920715
0.6308923363685608
0.5850992798805237
0.7934033870697021
0.6126788258552551
0.5825253129005432
0.5438565611839294
0.5956361293792725
0.7851023077964783
0.6573361754417419
0.6891401410102844
0.8084915280342102
0.7403720617294312
0.5830866098403931
0.3613267242908478
0.7843668460845947
0.6873304843902588
0.8101797103881836
0.2691535949707031
0.48510435223579407
0.3999802768230438
0.4764770567417145
0.4211198687553406
0.7735583782196045
0.5500842332839966
0.6346341371536255
0.5986557602882385
0.4266810715198517
0.5514891147613525
0.3965589106082916
0.6917958855628967
0.7003402709960938
0.4603422284126282
0.5321167707443237
0.43112143874168396
0.4690841734409332
0.5308377742767334
0.6789687275886536
0.6852020621299744
0.8925067782402039
0.74139404296875
0.41235753893852234
0.6913038492202759
0.7464901804924011
0.7171617150306702
0.869300127029419
0.5288800597190857
0.5637613534927368
0.7295093536376953
0.6028324961662292
0.8163285851478577
0.401658833026886
0.5623555779457092
0.49178776144981384
0.6961873769760132
0.5734654664993286
0.5755419135093689
0.714519202709198
0.5636380314826965
0.6222843527793884
0.6659508943557739
0.8520750999450684
0.6174682974815369
0.5779041647911072
0.47509583830833435
0.5926282405853271
0.5190468430519104
0.7995255589485168
0.4933761954307556
0.8220066428184509
0.7934715151786804
0.7156382203102112
0.7663347125053406
0.8136104941368103
0.8099823594093323
0.5252869725227356
0.5358745455741882
0.6637079119682312
0.6576718688011169
0.6771860122680664
0.5021699666976929
0.7839138507843018
0.6893835663795471
0.7481808066368103
0.6595969796180725
0.599271297454834
0.8894832730293274
0.3597855269908905
0.7018489241600037
0.5962826609611511
0.8792885541915894
0.6291306018829346
0.766598105430603
0.7448133826255798
0.7406471371650696
0.7921133637428284
0.7019008994102478
0.6940823197364807
0.684812068939209
0.6227056384086609
0.5269549489021301
0.5364721417427063
0.38994958996772766
0.51799476146698
0.8224864602088928
0.49847158789634705
0.7593050003051758
0.7569475769996643
0.6339355111122131
0.7597646713256836
0.5985630750656128
0.8621797561645508
0.8547557592391968
0.854159951210022
0.7919340133666992
0.5935117602348328
0.79140704870224
0.7279119491577148
0.591715395450592
0.9047399163246155
0.6779415607452393
0.7019109129905701
0.5984809398651123
0.6240893602371216
0.5392374992370605
0.3827492892742157
0.3422931134700775
0.7419727444648743
0.8409057855606079
0.5807923078536987
0.6352686882019043
0.755237877368927
0.632475733757019
0.6038476824760437
0.7537088990211487
0.6625948548316956
0.5725961923599243
0.7351451516151428
0.6221781969070435
0.7574059367179871
0.6123524308204651
0.5671963095664978
0.5746577978134155
0.7354801297187805
0.798706591129303
0.7579649090766907
0.8313358426094055
0.6761682033538818
0.8450600504875183
0.6209533214569092
0.563545286655426
0.7174079418182373
0.6348371505737305
0.7453603744506836
0.5316253900527954
0.6233466863632202
0.7999382615089417
0.8889818787574768
0.6798274517059326
0.7448387145996094
0.9036897420883179
0.6630632281303406
0.6024556159973145
0.4670461118221283
0.731552243232727
0.5229758024215698
0.6273910403251648
0.6764318943023682
0.7317265868186951
0.7766709923744202
0.7855742573738098
0.41790154576301575
0.7115432024002075
0.8839540481567383
0.347919762134552
0.4785352647304535
0.7522353529930115
0.7571114897727966
0.7707638740539551
0.6996541023254395
0.5147789120674133
0.4605262875556946
0.817888617515564
0.6515403389930725
0.5646755695343018
0.7589484453201294
0.630154013633728
0.46544450521469116
0.36508920788764954
0.31411731243133545
0.5267870426177979
0.8025739192962646
0.7662391662597656
0.5541337728500366
0.5728369355201721
0.41599026322364807
0.779396653175354
0.854525089263916
0.698944628238678
0.5905571579933167
0.6107324361801147
0.6943812370300293
0.7233754992485046
0.6678958535194397
0.7358499765396118
0.6305011510848999
0.6890252828598022
0.6476518511772156
0.7480698823928833
0.7808029651641846
0.6132315397262573
0.7224248051643372
0.5721281170845032
0.7446326613426208
0.651650071144104
0.6727879643440247
0.7661480903625488
0.5209658145904541
0.7677507996559143
0.7450111508369446
0.666597306728363
0.7493839263916016
0.7610660791397095
0.802632212638855
0.705914318561554
0.654041051864624
0.636328935623169
0.4849278926849365
0.65226149559021
0.5298381447792053
0.7248640656471252
0.7031038403511047
0.6188446283340454
0.4389230012893677
0.5834298729896545
0.6542934775352478
0.5692617297172546
0.7130872011184692
0.4690612554550171
0.3426113724708557
0.4923877418041229
0.6756712794303894
0.8133940696716309
0.765291690826416
0.6949597597122192
0.7720555067062378
0.6496734619140625
0.8187044262886047
0.46231892704963684
0.5870589017868042
0.7180605530738831
0.7519733309745789
0.6123549938201904
0.7129570841789246
0.4122045934200287
0.6972630023956299
0.6983601450920105
0.6602391004562378
0.7411647439002991
0.7538039684295654
0.6031529307365417
0.6808553338050842
0.6825355291366577
0.45431071519851685
0.7574127316474915
0.6346718072891235
0.7778043746948242
0.5446264743804932
0.8002495169639587
0.5786471366882324
0.36200201511383057
0.7528543472290039
0.5413247346878052
0.71527099609375
0.7603985667228699
0.7111072540283203
0.6896929740905762
0.64420485496521
0.755590558052063
0.738392174243927
0.8240002989768982
0.7939594388008118
0.8157123923301697
0.8454695343971252
0.8751435875892639
0.5478338599205017
0.582388699054718
0.7853613495826721
0.5821818113327026
0.8422152996063232
0.7943578362464905
0.8081444501876831
0.6928330063819885
0.5750777125358582
0.45949673652648926
0.5979493260383606
0.5444213151931763
0.527358889579773
0.838580310344696
0.691785991191864
0.3544517457485199
0.6174900531768799
0.5100922584533691
0.7113267183303833
0.5763055086135864
0.9999994039535522
0.748252809047699
0.8615695834159851
0.9103537201881409
0.893462598323822
0.6136330962181091
0.6139550805091858
0.6640931367874146
0.8302261233329773
0.58395916223526
0.7611071467399597
0.7324441075325012
0.4883740246295929
0.540868878364563
0.8484870791435242
0.6644079685211182
0.48004817962646484
0.7019806504249573
0.5169395208358765
0.6494807600975037
0.6843708157539368
0.6186423301696777
0.7252079844474792
0.6185656785964966
0.8583754301071167
0.7874603867530823
0.6425598859786987
0.5979177355766296
0.5693410038948059
0.30875909328460693
0.5811009407043457
0.5537474751472473
0.5016008019447327
0.7005659937858582
0.5191218256950378
0.3441595435142517
0.4517333209514618
0.5555365681648254
0.453263521194458
0.5089645981788635
0.7985435724258423
0.5795914530754089
0.8864012956619263
0.6504358649253845
0.6948020458221436
0.4169358015060425
0.8193812370300293
0.4929385781288147
0.6839953660964966
0.5284454226493835
0.7746290564537048
0.6578786969184875
0.7116609811782837
0.6249790787696838
0.8829807639122009
0.4812261164188385
0.6306782364845276
0.5923652648925781
0.7492775321006775
0.759681761264801
0.6448186635971069
0.696753978729248
0.5538022518157959
0.691703200340271
0.28212517499923706
0.3129083812236786
0.8208786845207214
0.7140046954154968
0.7392522692680359
0.5446085333824158
0.5385909676551819
0.6936601400375366
0.6742445230484009
0.7849624156951904
0.5867976546287537
0.6740754842758179
0.6629011631011963
0.8803816437721252
0.5175142288208008
0.7487366199493408
0.8667892813682556
0.6910322308540344
0.5664318799972534
0.8229801058769226
0.5554059743881226
0.2788633108139038
0.3205256164073944
0.6359281539916992
0.7336752414703369
0.5756235122680664
0.8160911202430725
0.8368667364120483
