0.9999994039535522
0.4444238543510437
0.2771148383617401
0.4203175902366638
0.27027878165245056
0.6207886934280396
0.5288653373718262
0.5736384391784668
0.31964483857154846
0.5101112723350525
0.3623717129230499
0.43626755475997925
0.32937148213386536
0.2964108884334564
0.16286826133728027
0.34566834568977356
0.6830691695213318
0.28189772367477417
0.4848528802394867
0.39781081676483154
0.3501162827014923
0.6134427785873413
0.3139571249485016
0.2684095501899719
0.39187565445899963
0.44476380944252014
0.25444185733795166
0.5915563106536865
0.565997838973999
0.3209831416606903
0.3263041079044342
0.3015107810497284
0.5066706538200378
0.4889085590839386
0.43732672929763794
0.35861560702323914
0.42207643389701843
0.33896031975746155
0.35314783453941345
0.27343687415122986
0.4127683937549591
0.3825090527534485
0.38733142614364624
0.26993316411972046
0.7090524435043335
0.8120710253715515
0.513996958732605
0.42192450165748596
0.4948897659778595
0.5086395740509033
0.49191853404045105
0.22878706455230713
0.5098425149917603
0.5024062991142273
0.578095555305481
0.3792218863964081
0.3900165259838104
0.529532790184021
0.6847778558731079
0.5463072061538696
0.7480753660202026
0.7700328826904297
0.45070600509643555
0.5180819034576416
0.25703588128089905
0.33412259817123413
0.851442277431488
0.5501729846000671
0.3373850882053375
0.2942698299884796
0.5608278512954712
0.4017070531845093
0.5001562237739563
0.3683292865753174
0.37783610820770264
0.4510516822338104
0.5056329965591431
0.6111910939216614
0.5579707026481628
0.570923388004303
0.4448416829109192
0.6801308393478394
0.4038310647010803
0.7900950312614441
0.4073914587497711
0.3402603268623352
0.350131630897522
0.31034496426582336
0.32316291332244873
0.39588814973831177
0.4193349778652191
0.4306269884109497
0.30461081862449646
0.36937397718429565
0.6105311512947083
0.19852374494075775
0.5016031265258789
0.45477816462516785
0.41806021332740784
0.5458716154098511
0.5771070718765259
0.5563578009605408
0.5194819569587708
0.46917030215263367
0.4728090763092041
0.5532346367835999
0.29481467604637146
0.31689882278442383
0.5024226903915405
0.5241073369979858
0.5905149579048157
0.7163796424865723
0.4961352050304413
0.39128196239471436
0.31682512164115906
0.648919403553009
0.3672015368938446
0.46122753620147705
0.3790402114391327
0.34809258580207825
0.3473694622516632
0.6413654088973999
0.4501064419746399
0.6532976627349854
0.7210401892662048
0.25371506810188293
0.3200438320636749
0.528735339641571
0.5608620047569275
0.40162158012390137
0.24820280075073242
0.2511172592639923
0.24630206823349
0.6391218900680542
0.3173179626464844
0.6623636484146118
0.22024750709533691
0.5985994338989258
0.7200211882591248
0.5608708262443542
0.6185421943664551
0.3724268972873688
0.49299129843711853
0.3641432821750641
0.3172329366207123
0.3135613203048706
0.4070000946521759
0.5923431515693665
0.3282371461391449
0.3721555769443512
0.3927013576030731
0.34435155987739563
0.26193058490753174
0.49180838465690613
0.39352259039878845
0.3875783383846283
0.28169429302215576
0.7892194986343384
0.4919109344482422
0.4639861583709717
0.20473699271678925
0.5867031216621399
0.3113461434841156
0.4751557409763336
0.5706647634506226
0.6596548557281494
0.37467339634895325
0.30235370993614197
0.26920053362846375
0.6179551482200623
0.7678030729293823
0.2393704503774643
0.3057743012905121
0.37402114272117615
0.4989897906780243
0.37506118416786194
0.4928000271320343
0.5652812719345093
0.34801989793777466
0.1907166987657547
0.2638040781021118
0.41529610753059387
0.6085327863693237
0.7496649026870728
0.48510876297950745
0.6189507246017456
0.34204766154289246
0.6680837273597717
0.48091134428977966
0.4928920567035675
0.503553569316864
0.4393586814403534
0.715478241443634
0.4376215934753418
0.5196247696876526
0.3110508620738983
0.4174225628376007
0.3879833221435547
0.5144729614257812
0.5688987970352173
0.6853790283203125
0.47889354825019836
0.25135597586631775
0.6808394193649292
0.36544784903526306
0.7229282855987549
0.27007776498794556
0.5972779989242554
0.6687402725219727
0.32183414697647095
0.40281710028648376
0.46472325921058655
0.34033501148223877
0.41412249207496643
0.4218134582042694
0.5294764637947083
0.8309318423271179
0.32860249280929565
0.29623910784721375
0.4660720229148865
0.6280498504638672
0.5208484530448914
0.484854131937027
0.35349273681640625
0.3176504373550415
0.7054401636123657
0.6681477427482605
0.5320426225662231
0.6651495695114136
0.32640713453292847
0.4903765022754669
0.6340934038162231
0.31913506984710693
0.4159802794456482
0.5199052095413208
0.6728729009628296
0.47423985600471497
0.46798601746559143
0.39626845717430115
0.7835602164268494
0.21372957527637482
0.4122891128063202
0.6097444295883179
0.5481719970703125
0.35831859707832336
0.493512898683548
0.41209906339645386
0.3771195709705353
0.527101457118988
0.4402269721031189
0.3807870149612427
0.49183955788612366
0.5972978472709656
0.25344905257225037
0.39546844363212585
0.5316972136497498
0.19531266391277313
0.8161150813102722
0.642484724521637
0.3753413259983063
0.5101268887519836
0.4682590961456299
0.38609522581100464
0.5226560235023499
0.7075833678245544
0.3856707513332367
0.8565896153450012
0.8212723731994629
0.40354862809181213
0.3742038905620575
0.3929296135902405
0.6415969133377075
0.343197226524353
0.35498666763305664
0.2534478008747101
0.3860444724559784
0.2917475998401642
0.6666792631149292
0.6288058161735535
0.5329804420471191
0.7389569878578186
0.42223814129829407
0.3340209126472473
0.4095083177089691
0.681723415851593
0.4218659996986389
0.43492591381073
0.1939242035150528
0.46385228633880615
0.3068166673183441
0.5381712317466736
0.360114723443985
0.6266713738441467
0.6393841505050659
0.426957368850708
0.38214725255966187
0.48223552107810974
0.5597325563430786
0.4799880087375641
0.4699874222278595
0.29847216606140137
0.5647510886192322
0.5369627475738525
0.23273490369319916
0.37025555968284607
0.5476604700088501
0.2309017777442932
0.39060208201408386
0.36415064334869385
0.5602999925613403
0.1626238077878952
0.46316373348236084
0.19084376096725464
0.40499812364578247
0.56403648853302
0.5975404977798462
0.5297340154647827
0.4369937479496002
0.19767746329307556
0.3308952748775482
0.2625018060207367
0.2831093966960907
0.6874223351478577
0.46886125206947327
0.5625500679016113
0.3233943581581116
0.49823054671287537
0.4451795816421509
0.4645308256149292
0.2671874761581421
0.5931774973869324
0.8520574569702148
0.42118963599205017
0.40074461698532104
0.2962149381637573
0.38828736543655396
0.6668291687965393
0.33619123697280884
0.4812425374984741
0.7686200141906738
0.3809296190738678
0.5378889441490173
0.4516303539276123
0.6045889854431152
0.5420383214950562
0.34795448184013367
0.5710394978523254
0.1989721804857254
0.6619967222213745
0.40957993268966675
0.3942689001560211
0.4973619282245636
0.23845672607421875
0.5322384238243103
0.5176914930343628
0.6649573445320129
0.6048614978790283
0.4543437957763672
0.2268095463514328
0.6689637303352356
0.579827070236206
0.5985086560249329
0.43358632922172546
0.38626551628112793
0.5135850310325623
0.4188132882118225
0.651362955570221
0.6165351271629333
0.3764217495918274
0.5670416355133057
0.442006379365921
0.28135600686073303
0.4140026271343231
0.715464174747467
0.6892403364181519
0.6944748759269714
0.41449180245399475
0.4035986363887787
0.4551520049571991
0.38229531049728394
0.2583661377429962
0.279580682516098
0.4597005546092987
0.6898895502090454
0.390184223651886
0.6073564887046814
0.37540921568870544
0.5098434686660767
0.5627057552337646
0.5447545647621155
0.66956627368927
0.4519042372703552
0.5111339688301086
0.5134474635124207
0.39930886030197144
0.5924055576324463
0.22437326610088348
0.4937882721424103
0.4429907202720642
0.2797352969646454
0.5708208084106445
0.32299983501434326
0.36577221751213074
0.3450002372264862
0.516213059425354
0.38889846205711365
0.4327854812145233
0.3116581439971924
0.6592239737510681
0.5720750093460083
0.41474369168281555
0.5569891929626465
0.5198329091072083
0.5401151180267334
0.3461315929889679
0.27262580394744873
0.47463759779930115
0.5127310156822205
0.24834710359573364
0.6155065298080444
0.4530315697193146
0.1639254242181778
0.6815185546875
0.7232086062431335
0.4689209759235382
0.4441702663898468
0.2838999032974243
0.5064230561256409
0.2330818772315979
0.46333619952201843
0.43611347675323486
0.5101636052131653
0.45295658707618713
0.6539466381072998
0.3548992872238159
0.32130956649780273
0.3768037259578705
0.3871610462665558
0.4792468845844269
0.49777066707611084
0.7163137793540955
0.6643052697181702
0.648434579372406
0.6641026139259338
0.4440925717353821
0.46965542435646057
0.26821380853652954
0.5490936636924744
0.661502480506897
0.35129138827323914
0.2821862995624542
0.6261740922927856
0.7987895607948303
0.7317086458206177
0.4390089511871338
0.2828516364097595
0.5014935731887817
0.640626072883606
0.38399821519851685
0.4101625382900238
0.5760352611541748
0.7927635908126831
0.33694228529930115
0.3200018107891083
0.6176996827125549
0.3005560636520386
0.8443720936775208
0.4617060422897339
0.4382070004940033
0.36049163341522217
0.6340764760971069
0.39350059628486633
0.6686770915985107
0.2945617437362671
0.29817065596580505
0.4104940891265869
0.11284680664539337
0.4642394483089447
0.39541780948638916
0.5948714017868042
0.26881104707717896
0.323697954416275
0.5304290652275085
0.5425037741661072
0.29600709676742554
0.6205404996871948
0.30964598059654236
0.48156940937042236
0.6172669529914856
0.46210819482803345
0.6500242948532104
0.30520132184028625
0.7801218032836914
0.26556530594825745
0.40070515871047974
0.37762609124183655
0.2964509427547455
0.5638664364814758
0.18126575648784637
0.48926013708114624
0.44031891226768494
0.2756829559803009
0.3192008435726166
0.23035845160484314
0.36635300517082214
0.3341662883758545
0.7976093292236328
0.17885732650756836
0.6258695721626282
0.7158102989196777
0.5656025409698486
0.5528808832168579
0.6877662539482117
0.2647666037082672
0.5679726004600525
0.3545812964439392
0.47151970863342285
0.3159858286380768
0.5643001794815063
0.3306843042373657
0.3750937283039093
0.6227594017982483
0.5584887862205505
0.6950882077217102
0.4926563501358032
0.27104002237319946
0.3977358043193817
0.27732741832733154
0.5717312097549438
0.27497273683547974
0.2694719135761261
0.3030456006526947
0.6318208575248718
0.6646212935447693
0.5185734629631042
0.49441641569137573
0.4999503791332245
0.49826738238334656
0.7537619471549988
0.3915530741214752
0.45607659220695496
0.6009768843650818
0.5043425559997559
0.7604067921638489
0.3912748396396637
0.3542255461215973
0.6242600083351135
0.4635769724845886
0.5006132125854492
0.41721606254577637
0.4740278124809265
0.4465491771697998
0.48945796489715576
0.31730952858924866
0.5796093344688416
0.857102632522583
0.45006847381591797
0.5374162793159485
0.3932904601097107
0.626520037651062
0.15936416387557983
0.2421557903289795
0.46990230679512024
0.6519102454185486
0.2009187936782837
0.5268481969833374
0.5294960737228394
0.5558916926383972
0.6660568118095398
0.3426201045513153
0.41206327080726624
0.5786048173904419
0.6556540131568909
0.687371015548706
0.45956507325172424
0.3961998522281647
0.22381067276000977
0.48214808106422424
0.7040091753005981
0.279602587223053
0.6088298559188843
0.6364411115646362
0.3876185119152069
0.381252259016037
0.8163778781890869
0.46679165959358215
0.291729211807251
0.8039277195930481
0.4272577166557312
0.5207799673080444
0.22929060459136963
0.23036682605743408
0.4240332543849945
0.5609228610992432
0.3111099302768707
0.5544358491897583
0.7146971821784973
0.62260502576828
0.3656928241252899
0.2550048828125
0.5445265769958496
0.32971423864364624
0.49174764752388
0.5580687522888184
0.46705231070518494
0.3572794795036316
0.3021148145198822
0.3495578169822693
0.40353986620903015
0.5676131844520569
0.6220940351486206
0.5098152756690979
0.26747071743011475
0.27057939767837524
0.39105087518692017
0.15333428978919983
0.4631837010383606
0.6535165309906006
0.3057694733142853
0.7533733248710632
0.3942718207836151
0.6186844110488892
0.5339511632919312
0.36940157413482666
0.26826661825180054
0.2966702878475189
0.5187711715698242
0.4085928201675415
0.4259692132472992
0.5154893398284912
0.585379421710968
0.6734061241149902
0.6058871150016785
0.6068843007087708
0.5581253170967102
0.5975300669670105
0.74248868227005
0.4011751711368561
0.5436707139015198
0.28632795810699463
0.2413216084241867
0.39491209387779236
0.34801310300827026
0.2040131390094757
0.45995187759399414
0.42361903190612793
0.5145536661148071
0.3625355660915375
0.6776701807975769
0.44860729575157166
0.5453541278839111
0.15358419716358185
0.3739596903324127
0.21785084903240204
0.25051599740982056
0.5084177255630493
0.4928472638130188
0.4682420790195465
0.17944858968257904
0.44066527485847473
0.5853091478347778
0.5145741105079651
0.6975029706954956
0.7736284136772156
0.6395448446273804
0.5375556945800781
0.3345121145248413
0.6834929585456848
0.462543785572052
0.41233402490615845
0.2952415347099304
0.30546680092811584
0.3514029085636139
0.2559778690338135
0.6244885921478271
0.6539902687072754
0.5783149600028992
0.5437466502189636
0.2295822650194168
0.28674453496932983
0.6335309147834778
0.46434512734413147
0.48134201765060425
0.5940588712692261
0.3677247166633606
0.3043699860572815
0.5458165407180786
0.5238566398620605
0.6479049921035767
0.5587007999420166
0.47872450947761536
0.6039993166923523
0.7096333503723145
0.8126593828201294
0.4711127281188965
0.37886491417884827
0.6298161149024963
0.5709858536720276
0.2938280403614044
0.45229166746139526
0.3018217980861664
0.3832536041736603
0.40155547857284546
0.42987900972366333
0.1948675662279129
0.5211568474769592
0.8323883414268494
0.6929520964622498
0.34346285462379456
0.5574872493743896
0.5303698778152466
0.409237265586853
0.5090094804763794
0.32349342107772827
0.6882292032241821
0.3155781030654907
0.7921459674835205
0.5823959708213806
0.64162677526474
0.46208497881889343
0.5024580955505371
0.4803358018398285
0.6634771227836609
0.20832198858261108
0.5721126198768616
0.47302117943763733
0.5309646129608154
0.4988306760787964
0.551330029964447
0.4976763129234314
0.605067789554596
0.4727562367916107
0.21304447948932648
0.8200874924659729
0.429495632648468
0.38545823097229004
0.3679317831993103
0.6943764686584473
0.2812007963657379
0.37492480874061584
0.6221160888671875
0.7256354093551636
0.47713667154312134
0.5506683588027954
0.584102213382721
0.34709057211875916
0.4070429503917694
0.5577130913734436
0.42061829566955566
0.35413768887519836
0.5174733400344849
0.35037732124328613
0.4289286732673645
0.26571643352508545
0.5564270615577698
0.2636660635471344
0.6046800017356873
0.5151984691619873
0.6733320951461792
0.49424418807029724
0.49245426058769226
0.38347652554512024
0.4356692135334015
0.3637118935585022
0.3714381456375122
0.6087698936462402
0.5747362971305847
0.625560998916626
0.6113487482070923
0.7854739427566528
0.24836839735507965
0.3507675230503082
0.2422955334186554
0.41818946599960327
0.3672516345977783
0.509318470954895
0.6858618855476379
0.42311257123947144
0.49912145733833313
0.7469508647918701
0.1873614490032196
0.7751045227050781
0.3231073319911957
0.4741269648075104
0.3209114372730255
0.47319382429122925
0.19782307744026184
0.5963699817657471
0.5125407576560974
0.5012609362602234
0.5974716544151306
0.28304436802864075
0.533658504486084
0.290336549282074
0.4356774389743805
0.3278924822807312
0.5327452421188354
0.5751697421073914
0.16183701157569885
0.3594958186149597
0.5693234205245972
0.5782641768455505
0.8037588000297546
0.25658926367759705
0.17993983626365662
0.36694473028182983
0.413582980632782
0.3564836382865906
0.23823800683021545
0.29646119475364685
0.38950595259666443
0.09655014425516129
0.2130514681339264
0.6020863056182861
0.671831488609314
0.20379580557346344
0.5036029815673828
0.4921652376651764
0.5801317095756531
0.21146602928638458
0.40329551696777344
0.39204835891723633
0.5165190696716309
0.20141012966632843
0.4070219099521637
0.30748698115348816
0.5708860754966736
0.4625680446624756
0.6229723691940308
0.34736087918281555
0.6117134094238281
0.42864078283309937
0.3371390700340271
0.6353345513343811
0.3732655942440033
0.28751641511917114
0.3467210531234741
0.4323234558105469
0.5673598647117615
0.5321285724639893
0.3890358507633209
0.6453365087509155
0.6952916383743286
0.25020119547843933
0.23269855976104736
0.3853418827056885
0.331484317779541
0.3150066137313843
0.6619985699653625
0.3006795346736908
0.3617699146270752
0.4576578140258789
0.6314370036125183
0.7803573608398438
0.42796817421913147
0.5610390901565552
0.8231819868087769
0.7318567633628845
0.5082745552062988
0.34019750356674194
0.5417711138725281
0.41102734208106995
0.3238428235054016
0.44924700260162354
0.598871111869812
0.165293887257576
0.2466026395559311
0.3721977770328522
0.44994762539863586
0.4514940083026886
0.583459198474884
0.461306095123291
0.7792587280273438
0.49333423376083374
0.5241825580596924
0.38224923610687256
0.5569013357162476
0.7794142961502075
0.5650899410247803
0.20535850524902344
0.5339775681495667
0.48795285820961
0.4317750036716461
0.3330327868461609
0.5738920569419861
0.7566580176353455
0.3458632230758667
0.17516367137432098
0.46465185284614563
0.3973923921585083
0.8284437656402588
0.3048625886440277
0.6732211112976074
0.15530434250831604
0.2512392997741699
0.3597850799560547
0.6629653573036194
0.6859238147735596
0.4579366147518158
0.562866747379303
0.5420275926589966
0.4464353621006012
0.5268214344978333
0.44319114089012146
0.5512674450874329
0.5145860910415649
0.5201740860939026
0.21460402011871338
0.4391959011554718
0.348370760679245
0.3532041609287262
0.3462773263454437
0.6567304730415344
0.21119362115859985
0.5341887474060059
0.3689301908016205
0.7008856534957886
0.44413048028945923
0.4439340829849243
0.7590842843055725
0.25419166684150696
0.4783724546432495
0.5912376642227173
0.3775396943092346
0.38799870014190674
0.5025734305381775
0.6062389016151428
0.3177235722541809
0.34671303629875183
0.5758160352706909
0.5076166391372681
0.4589696228504181
0.41491565108299255
0.4395674765110016
0.491404265165329
0.39238983392715454
0.37985026836395264
0.6346113681793213
0.6784763336181641
0.16269241273403168
0.21627725660800934
0.2895946800708771
0.508682370185852
0.5094195008277893
0.5699388384819031
0.46054768562316895
0.23387399315834045
0.25830280780792236
0.31411921977996826
0.29255446791648865
0.270402193069458
0.4289775490760803
0.24928662180900574
0.530337393283844
0.7899183034896851
0.37554702162742615
0.40536269545555115
0.47003495693206787
0.39205753803253174
0.5620797872543335
0.5860454440116882
0.4849541485309601
0.2834027111530304
0.5207371711730957
0.5511713624000549
0.5198094844818115
0.31030213832855225
0.7117869853973389
0.7284348011016846
0.8315094709396362
0.24439503252506256
0.4466811716556549
0.31100592017173767
0.4330962002277374
0.2921596169471741
0.19102813303470612
0.43975427746772766
0.49130362272262573
0.1812642216682434
0.506345808506012
0.6142590045928955
0.5020701289176941
0.4992746412754059
0.4714212417602539
0.42378854751586914
0.4580753445625305
0.3128666877746582
0.5833187699317932
0.421941876411438
0.2736688256263733
0.3453960120677948
0.6572811603546143
0.494821697473526
0.24637752771377563
0.27602115273475647
0.2592671513557434
0.5276868343353271
0.6352701783180237
0.22195783257484436
0.6135905981063843
0.3074392080307007
0.44766637682914734
0.3563801348209381
0.3485022187232971
0.3337176740169525
0.5916874408721924
0.3061378002166748
0.2423524260520935
0.2502445876598358
0.4818369448184967
0.5078825354576111
0.3626896142959595
0.5044808387756348
0.41062310338020325
0.25030821561813354
0.4951254725456238
0.2417304515838623
0.21475037932395935
0.42678332328796387
0.5156072378158569
0.5535956025123596
0.3743845820426941
0.6209530830383301
0.42582759261131287
0.35430359840393066
0.470725953578949
0.40999534726142883
0.2690543830394745
0.3804628849029541
0.8191136121749878
0.30673718452453613
0.38710159063339233
0.44274619221687317
0.32334694266319275
0.6125787496566772
0.2522653639316559
0.5729377865791321
0.24185295403003693
0.781155526638031
0.3053404688835144
0.4683969020843506
0.41479045152664185
0.4319772720336914
0.5930159091949463
0.4948660135269165
0.4019874632358551
0.6870023608207703
0.39607903361320496
0.6459876894950867
0.6704508066177368
0.379210889339447
0.28462737798690796
0.28524327278137207
0.36475998163223267
0.3633098602294922
0.3900737464427948
0.37803786993026733
0.6083905100822449
0.7291619181632996
0.3314577043056488
0.24813717603683472
0.3474058210849762
0.5089211463928223
0.3069577217102051
0.5119701027870178
0.2989932894706726
0.5336822867393494
0.18296894431114197
0.3889075815677643
0.5616278052330017
0.42086806893348694
0.6135143041610718
0.45351192355155945
0.6308319568634033
0.6590849161148071
0.6828052401542664
0.3991944491863251
0.37076395750045776
0.4686472713947296
0.30282264947891235
0.2956291735172272
0.33734238147735596
0.5323557257652283
0.2971165180206299
0.2067665308713913
0.35476019978523254
0.3229685425758362
0.6672508120536804
0.6665309071540833
0.5090305209159851
0.19976410269737244
0.5359061360359192
0.6499504446983337
0.6048974990844727
0.38729897141456604
0.3857385814189911
0.4827152490615845
0.31890058517456055
0.23134106397628784
0.6853590607643127
0.4276024103164673
0.2866787314414978
0.37396347522735596
0.40786266326904297
0.6365627646446228
0.4432056248188019
0.6659753322601318
0.6137436628341675
0.621582567691803
0.5075234174728394
0.6348603963851929
0.6371146440505981
0.5246133804321289
0.612446665763855
0.472190797328949
0.5136387348175049
0.41380950808525085
0.5698822140693665
0.31208324432373047
0.6764718890190125
0.35235515236854553
0.4710145592689514
0.4050297439098358
0.7282017469406128
0.6297641396522522
0.46708643436431885
0.18496550619602203
0.22282721102237701
0.2480679750442505
0.3888608515262604
0.22955498099327087
0.5504314303398132
0.3218911588191986
0.351718544960022
0.46860471367836
0.7269086241722107
0.4918617606163025
0.6427986025810242
0.45152783393859863
0.4859650433063507
0.3373965919017792
0.5726547837257385
0.4980478882789612
0.3197459578514099
0.5380197167396545
0.4649728536605835
0.7444429397583008
0.3929148018360138
0.43309924006462097
0.4586164653301239
0.36410510540008545
0.6763941645622253
0.4747626781463623
0.4163544178009033
0.393038272857666
0.418978214263916
0.7223961353302002
0.45084628462791443
0.41418758034706116
0.21320998668670654
0.39188599586486816
0.43604642152786255
0.6174550652503967
0.6894333958625793
0.6500958204269409
0.47023332118988037
0.2853124141693115
0.4827105700969696
0.2504308819770813
0.4969589412212372
0.5871782302856445
0.5753132104873657
0.6063632965087891
0.4409819543361664
0.5808300971984863
0.5309647917747498
0.4179002344608307
0.49107980728149414
0.5966927409172058
0.3494109511375427
0.206159308552742
0.21832260489463806
0.5539940595626831
0.5377465486526489
0.28407010436058044
0.48588138818740845
0.4060244560241699
0.4799115061759949
0.39344820380210876
0.5798450112342834
0.6435143947601318
0.43532606959342957
0.3083631694316864
0.46324774622917175
0.2937559485435486
0.5486241579055786
0.6310812830924988
0.201858252286911
0.19271469116210938
0.46327927708625793
0.4422744810581207
0.2832654118537903
0.6299266219139099
0.42296868562698364
0.2544248700141907
0.4301984906196594
0.32717400789260864
0.5730636715888977
0.3996484875679016
0.44607746601104736
0.4796096682548523
0.6132138967514038
0.3049772083759308
0.19661596417427063
0.34755319356918335
0.8044843077659607
0.44454115629196167
0.5944049954414368
0.38588136434555054
0.4805349111557007
0.6680305004119873
0.5378990173339844
0.3687914311885834
0.5557639598846436
0.8052945137023926
0.6027953624725342
0.43688511848449707
0.44682398438453674
0.3810819983482361
0.6363852024078369
0.5799784660339355
0.42925316095352173
0.7043230533599854
0.21226546168327332
0.16992811858654022
0.2924254536628723
0.3270854651927948
0.2985186278820038
0.5667402148246765
0.5489943623542786
0.6248376369476318
0.457339882850647
0.5694764256477356
0.6235501170158386
0.2769859731197357
0.7126601338386536
0.33254605531692505
0.587541937828064
0.5093649625778198
0.31610190868377686
0.39833128452301025
0.3569485545158386
0.3617760241031647
0.45411399006843567
0.43863585591316223
0.6822488903999329
0.36574462056159973
0.32853832840919495
0.40420591831207275
0.6462079882621765
0.3693936765193939
0.6058652400970459
0.35948169231414795
0.5001184344291687
0.4494574964046478
0.48942846059799194
0.21389234066009521
0.5441774129867554
0.9442181587219238
0.6918032765388489
0.4983528256416321
0.21755623817443848
0.4336054027080536
0.30945178866386414
0.5318893790245056
0.4563876986503601
0.5193312764167786
0.3064333498477936
0.5955085754394531
0.16837266087532043
0.39474838972091675
0.8357651233673096
0.5100482702255249
0.2737179100513458
0.21426846086978912
0.38565218448638916
0.5454719066619873
0.40401533246040344
0.6900249123573303
0.3421412706375122
0.5517580509185791
0.3584102392196655
0.7206006646156311
0.49802929162979126
0.27541783452033997
0.7505297660827637
0.2645775377750397
0.5553421974182129
0.5749456286430359
0.3929060697555542
0.36837896704673767
0.48963314294815063
0.2954922616481781
0.2677193880081177
0.2579810619354248
0.2150508612394333
0.29550984501838684
0.6715167164802551
0.39101162552833557
0.22615361213684082
0.3568141460418701
0.6288766860961914
0.4167833924293518
0.45666131377220154
0.33753669261932373
0.3043755292892456
0.3592902719974518
0.5952919721603394
0.520308256149292
0.6065036654472351
0.5198145508766174
0.6280388832092285
0.5633504390716553
0.41257166862487793
0.28666436672210693
0.6031249761581421
0.6932017207145691
0.6533428430557251
0.5250178575515747
0.38787737488746643
0.4840553402900696
0.6252054572105408
0.49345871806144714
0.29305151104927063
0.5000782608985901
0.17142222821712494
0.7447044849395752
0.6025499701499939
0.33298394083976746
0.6142487525939941
0.4555835425853729
0.32763350009918213
0.8749514222145081
0.22009047865867615
0.49708425998687744
0.42303550243377686
0.16228511929512024
0.37787604331970215
0.29220205545425415
0.5658707618713379
0.36213529109954834
0.5734131336212158
0.39683642983436584
0.5031182169914246
0.5499780774116516
0.5607532262802124
0.7238795161247253
0.3027804493904114
0.41491660475730896
0.4130924642086029
0.41462481021881104
0.3706987202167511
0.4886554181575775
0.5022835731506348
0.4795006215572357
0.513892412185669
0.3278760313987732
0.6831330060958862
0.5241051316261292
0.4009590148925781
0.29640957713127136
0.30572909116744995
0.31249046325683594
0.47273626923561096
0.6461125612258911
0.2452155351638794
0.5651720762252808
0.20847202837467194
0.4224431812763214
0.43758586049079895
0.24018250405788422
0.7239071130752563
0.40245965123176575
0.44053128361701965
0.593702495098114
0.6325974464416504
0.8492724895477295
0.3039782643318176
0.468725323677063
0.5590118169784546
0.6229574084281921
0.26259028911590576
0.46421194076538086
0.4099924862384796
0.3722914159297943
0.5696314573287964
0.7369168996810913
0.46776899695396423
0.4936046898365021
0.6402448415756226
0.5095698237419128
0.7275184988975525
0.4377511143684387
0.41540926694869995
0.3898767828941345
0.5255113244056702
0.41575804352760315
0.3646113872528076
0.4011041820049286
0.43283745646476746
0.6395826935768127
0.6332220435142517
0.3645045757293701
0.48064154386520386
0.3477201461791992
0.21055655181407928
0.20948044955730438
0.4629732072353363
0.6039894223213196
0.3921031355857849
0.46768856048583984
0.30156341195106506
0.6721980571746826
0.546947717666626
0.48832473158836365
0.649711012840271
0.44350287318229675
0.5107104778289795
0.4126580059528351
0.26129260659217834
0.4760337769985199
0.6420183777809143
0.5781553983688354
0.4826425313949585
0.28306519985198975
0.8233640193939209
0.3158084750175476
0.4094984233379364
0.3704301714897156
0.36137086153030396
0.41328972578048706
0.483959436416626
0.4583231210708618
0.32856473326683044
0.2573580741882324
0.515807569026947
0.7040114998817444
0.29382064938545227
0.3137265741825104
0.29705747961997986
0.6907777190208435
0.625301718711853
0.6679062843322754
0.2994372844696045
0.36829301714897156
0.5062614679336548
0.4257879853248596
0.5274246335029602
0.32120344042778015
0.4882250428199768
0.30138468742370605
0.6938908696174622
0.3877038359642029
0.6399956345558167
0.3323943614959717
0.3385202884674072
0.3698839843273163
0.6570433378219604
0.350013792514801
0.8100477457046509
0.3524174988269806
0.2524736523628235
0.5559596419334412
0.25005412101745605
0.5668981075286865
0.5612867474555969
0.23102568089962006
0.3292067050933838
0.1843537539243698
0.2619410455226898
0.3332529067993164
0.46769949793815613
0.5277881026268005
0.3460673391819
0.33649301528930664
0.3546398878097534
0.3164142072200775
0.45514240860939026
0.590903103351593
0.36152657866477966
0.3310488760471344
0.4936842620372772
0.5137578248977661
0.4965880811214447
0.5037230253219604
0.5102327466011047
0.60543292760849
0.7647562623023987
0.2791447341442108
0.5851268768310547
0.4928835332393646
0.36184728145599365
0.6191745400428772
0.5471765398979187
0.27941322326660156
0.2891789376735687
0.4753331243991852
0.4980815351009369
0.44063735008239746
0.5136431455612183
0.26909899711608887
0.5182443857192993
0.6354079246520996
0.5334672331809998
0.3374268412590027
0.7533202767372131
0.3918597996234894
0.571982204914093
0.42260387539863586
0.2975935935974121
0.6209864020347595
0.37685081362724304
0.7373102903366089
0.4222428500652313
0.44991999864578247
0.3143569231033325
0.5004562735557556
0.3396856486797333
0.5864171385765076
0.370059072971344
0.4361584484577179
0.32444456219673157
0.20268628001213074
0.3911348879337311
0.5271679162979126
0.5799023509025574
0.5047986507415771
0.3327574133872986
0.3703616261482239
0.30023813247680664
0.5397427082061768
0.34034857153892517
0.41666358709335327
0.45137903094291687
0.6353641152381897
0.3282231092453003
0.6809413433074951
0.3301773965358734
0.4163086414337158
0.7209598422050476
0.40180203318595886
0.5636078715324402
0.5661507844924927
0.3682401478290558
0.8664613366127014
0.7131617069244385
0.4806003272533417
0.8790364861488342
0.4308531880378723
0.3363385796546936
0.6010866761207581
0.4553709924221039
0.30371659994125366
0.30500534176826477
0.3809981346130371
0.5430722236633301
0.40238767862319946
0.2991235554218292
0.43449294567108154
0.2597185969352722
0.22958464920520782
0.25002896785736084
0.26239219307899475
0.6200193166732788
0.48561936616897583
0.27542972564697266
0.36146557331085205
0.5298516154289246
0.5817708373069763
0.47243732213974
0.7453152537345886
0.352591335773468
0.6546392440795898
0.3583715856075287
0.4100760817527771
0.46392935514450073
0.5350092649459839
0.3865852653980255
0.4148661494255066
0.6343505382537842
0.27783751487731934
0.6274533867835999
0.3283487856388092
0.4932073652744293
0.4994928538799286
0.3784790635108948
0.5188283920288086
0.5204631686210632
0.35191377997398376
0.6567476987838745
0.5532835721969604
0.399998277425766
0.4293656051158905
0.4769938886165619
0.3140009343624115
0.4528980255126953
0.47039031982421875
0.24404855072498322
0.6779063940048218
0.4360131323337555
0.2972314953804016
0.3736778497695923
0.3344021141529083
0.3839021325111389
0.35850054025650024
0.618510901927948
0.43612393736839294
0.40383484959602356
0.3648618757724762
0.6175140142440796
0.5120830535888672
0.44257310032844543
0.7595697641372681
0.6273996829986572
0.37710610032081604
0.30133017897605896
0.3994483947753906
0.7718994617462158
0.5954950451850891
0.4016520082950592
0.5358599424362183
0.6513871550559998
0.3686712682247162
0.47708284854888916
0.6718196868896484
0.7009079456329346
0.5136736631393433
0.48778119683265686
0.21016962826251984
0.38670969009399414
0.6994268298149109
0.4671095907688141
0.3641735315322876
0.5503175258636475
0.3607238531112671
0.4420539438724518
0.6629993915557861
0.47025394439697266
0.5142033696174622
0.5734125971794128
0.5547628998756409
0.39874354004859924
0.22696633636951447
0.47200265526771545
0.4724336862564087
0.5451222658157349
0.3427039086818695
0.3795536756515503
0.2568000853061676
0.602214515209198
0.6644299030303955
0.5601599216461182
0.6017583012580872
0.6780081987380981
0.5618961453437805
0.29760757088661194
0.5716367959976196
0.27248579263687134
0.38000375032424927
0.8172688484191895
0.44863080978393555
0.24427293241024017
0.7608710527420044
0.4982936978340149
0.3971511125564575
0.7344338297843933
0.6579402685165405
0.4465904235839844
0.6254104375839233
0.604904294013977
0.2145177274942398
0.8210335969924927
0.24993093311786652
0.36420804262161255
0.6368125081062317
0.3828388750553131
0.40202394127845764
0.4696508049964905
0.27863365411758423
0.34196633100509644
0.46581774950027466
0.6847938895225525
0.4432065784931183
0.5875152349472046
0.4002944529056549
0.4057530164718628
0.3548133373260498
0.38116273283958435
0.25938722491264343
0.6303462982177734
0.4830796718597412
0.3141627013683319
0.2945067584514618
0.5902913808822632
0.42751094698905945
0.568785548210144
0.4879250228404999
0.4147525131702423
0.3621296286582947
0.6606798768043518
0.32397639751434326
0.4983749985694885
0.23675507307052612
0.3242989778518677
0.509750485420227
0.4691844880580902
0.15656918287277222
0.4083181917667389
0.4002056419849396
0.6658700704574585
0.29831182956695557
0.22206886112689972
0.22345280647277832
0.6015509366989136
0.5487871766090393
0.47110840678215027
0.2960377335548401
0.6077655553817749
0.2873792350292206
0.2777557969093323
0.4382419288158417
0.6139476299285889
0.5301480889320374
0.6763638854026794
0.4975944459438324
0.5200343132019043
0.41317829489707947
0.4468410015106201
0.2884839177131653
0.34054750204086304
0.23306359350681305
0.278605580329895
0.4631395637989044
0.4721108376979828
0.664288341999054
0.5511817336082458
0.5210229158401489
0.6106039881706238
0.5095247030258179
0.2139493077993393
0.21584832668304443
0.4070173501968384
0.5029536485671997
0.19959546625614166
0.3608863353729248
0.38119247555732727
0.4701420068740845
0.39181551337242126
0.3902512490749359
0.48420900106430054
0.4434873163700104
0.3735364079475403
0.5022187829017639
0.41878747940063477
0.5795125365257263
0.33854323625564575
0.5832253098487854
0.6183819770812988
0.5412225723266602
0.5703546404838562
0.4582096338272095
0.4681289792060852
0.5744273662567139
0.6868624687194824
0.4407939016819
0.5792639255523682
0.4540099501609802
0.4051041603088379
0.4438183307647705
0.6935328841209412
0.6819539070129395
0.6032082438468933
0.5084042549133301
0.6007567048072815
0.4273921847343445
0.4171861410140991
0.6203075647354126
0.726392388343811
0.552603006362915
0.4302751421928406
0.5389773845672607
0.6728076338768005
0.6124982237815857
0.32011887431144714
0.5965375900268555
0.46851229667663574
0.3549255132675171
0.45655789971351624
0.4287523031234741
0.580491840839386
0.35497918725013733
0.25526562333106995
0.5842978358268738
0.6190710663795471
0.6688540577888489
0.5987902283668518
0.49499496817588806
0.19411692023277283
0.39050599932670593
0.5395734906196594
0.2580224275588989
0.5223260521888733
0.5986417531967163
0.3925461769104004
0.27834051847457886
0.21012736856937408
0.3681531250476837
0.45736584067344666
0.5028176307678223
0.6119424104690552
0.3806200325489044
0.409660279750824
0.349018931388855
0.49630576372146606
0.5533781051635742
0.18493913114070892
0.6753422021865845
0.34073781967163086
0.2216779887676239
0.22017423808574677
0.2104453295469284
0.7196905016899109
0.5285585522651672
0.23982936143875122
0.5470926761627197
0.37215545773506165
0.2905939817428589
0.5711246728897095
0.33528098464012146
0.48167672753334045
0.40041279792785645
0.6312967538833618
0.4818415343761444
0.5925084352493286
0.5637398362159729
0.5271487832069397
0.47534728050231934
0.7552470564842224
0.552440881729126
0.5110125541687012
0.3894496560096741
0.5964481234550476
0.34795448184013367
0.4415441155433655
0.39533090591430664
0.3057782053947449
0.34072837233543396
0.5823799967765808
0.5712146162986755
0.6157174110412598
0.3963976204395294
0.323367714881897
0.5463555455207825
0.5148795247077942
0.3191137909889221
0.3832033574581146
0.6617004871368408
0.7427082657814026
0.5293664336204529
0.3911811411380768
0.4873102605342865
0.5253725647926331
0.33041268587112427
0.687784731388092
0.5462523698806763
0.4132952392101288
0.36488470435142517
0.5983492732048035
0.802654504776001
0.452714741230011
0.3794550895690918
0.3430041968822479
0.3231649696826935
0.4904152750968933
0.37712860107421875
0.3360259234905243
0.48321619629859924
0.6905717849731445
0.3714027404785156
0.3461684584617615
0.40261924266815186
0.20358674228191376
0.7143396139144897
0.26422005891799927
0.479150652885437
0.3964870572090149
0.5975279808044434
0.4772980809211731
0.4689454734325409
0.37329787015914917
0.6505842208862305
0.4519135057926178
0.4441951513290405
0.6646207571029663
0.418872207403183
0.627456545829773
0.5924578905105591
0.5302484035491943
0.6088496446609497
0.43034738302230835
0.430545836687088
0.5802045464515686
0.4799198806285858
0.40842488408088684
0.545264482498169
0.5805724859237671
0.6467201113700867
0.5381383299827576
0.6184884905815125
0.5923722386360168
0.43723317980766296
0.40688177943229675
0.6019613742828369
0.519743025302887
0.4843507707118988
0.4233377277851105
0.613447904586792
0.10613314807415009
0.5697540044784546
0.5423481464385986
0.723808765411377
0.5948272347450256
0.33050772547721863
0.40117347240448
0.4861011207103729
0.7094804048538208
0.6396939754486084
0.7665140628814697
0.5702536702156067
0.21330788731575012
0.6944747567176819
0.42962685227394104
0.3581734299659729
0.6212183237075806
0.41031667590141296
0.5233510136604309
0.39742499589920044
0.582107663154602
0.5761536359786987
0.63664710521698
0.5809391736984253
0.6130521297454834
0.3700360357761383
0.49617865681648254
0.3120402693748474
0.46534407138824463
0.7323867082595825
0.6611551642417908
0.5410343408584595
0.4036712646484375
0.23663511872291565
0.30630022287368774
0.5536801815032959
0.47087720036506653
0.34344595670700073
0.6777214407920837
0.1643732637166977
0.6954377293586731
0.5681941509246826
0.28408312797546387
0.44900476932525635
0.4905260503292084
0.2846948206424713
0.6952161192893982
0.29385659098625183
0.47774776816368103
0.5611640810966492
0.5350626111030579
0.5541568398475647
0.7296764254570007
0.6060091257095337
0.8699410557746887
0.36934009194374084
0.5010610818862915
0.5817385315895081
0.35990047454833984
0.47476625442504883
0.24836620688438416
0.40449094772338867
0.31998124718666077
0.49718040227890015
0.5358167886734009
0.47245773673057556
0.43035179376602173
0.3548505902290344
0.4846707582473755
0.47996699810028076
0.4571494460105896
0.3636641800403595
0.5896733403205872
0.8220734000205994
0.365878164768219
0.2535317838191986
0.6674284338951111
0.5914053320884705
0.5223495364189148
0.22563830018043518
0.4187213182449341
0.2961790859699249
0.6915903091430664
0.11446478217840195
0.6303638219833374
0.4846269190311432
0.6744762659072876
0.296298623085022
0.6802027821540833
0.5330624580383301
0.4107576012611389
0.4244276285171509
0.3431141674518585
0.5854693055152893
0.2777263820171356
0.5855785608291626
0.5419015884399414
0.4510160982608795
0.648826539516449
0.5320022702217102
0.6211509704589844
0.5364536046981812
0.4027714431285858
0.44683998823165894
0.4673076272010803
0.3555598556995392
0.4341087341308594
0.35728394985198975
0.4280385971069336
0.11091826111078262
0.4885149896144867
0.4392957389354706
0.4275207221508026
0.4531637728214264
0.4127289056777954
0.40300339460372925
0.39363718032836914
0.31271055340766907
0.17071735858917236
0.17649230360984802
0.29802700877189636
0.16016721725463867
0.29946139454841614
0.3308746814727783
0.5413597822189331
0.2797728478908539
0.48543426394462585
0.439474493265152
0.5983078479766846
0.46486178040504456
0.4315359592437744
0.30079832673072815
0.37274688482284546
0.5021471977233887
0.566318929195404
0.345195472240448
0.6857227683067322
0.32288530468940735
0.6363817453384399
0.5092365741729736
0.4396446943283081
0.7356839776039124
0.8116068243980408
0.43534597754478455
0.6747046113014221
0.590755820274353
0.6333458423614502
0.2847190201282501
0.4659692347049713
0.691927433013916
0.3426660895347595
0.4234538972377777
0.26338762044906616
0.348356157541275
0.5354135632514954
0.3796238303184509
0.5793712139129639
0.6155198812484741
0.5760712027549744
0.26986417174339294
0.5009880661964417
0.7907663583755493
0.5719728469848633
0.5603356957435608
0.4932953715324402
0.1546444594860077
0.5793327689170837
0.6095971465110779
0.5045644044876099
0.755652904510498
0.2083146870136261
0.2880001664161682
0.47359082102775574
0.5739060640335083
0.5632135272026062
0.44361186027526855
0.47155651450157166
0.48160430788993835
0.30630865693092346
0.3410423994064331
0.5649664402008057
0.4366217851638794
0.2532903552055359
0.2683337926864624
0.5394371747970581
0.2521969676017761
0.2814379036426544
0.6025637984275818
0.541594922542572
0.5636119246482849
0.6861997246742249
0.5023310780525208
0.34970223903656006
0.5394192337989807
0.355596661567688
0.36963823437690735
0.4623115360736847
0.38857752084732056
0.234384223818779
0.6675044298171997
0.44289904832839966
0.3904077708721161
0.36455366015434265
0.40209147334098816
0.5652000308036804
0.40627190470695496
0.6534627079963684
0.2330714613199234
0.4430255889892578
0.37433475255966187
0.4447253346443176
0.23095102608203888
0.3058543801307678
0.5967815518379211
0.2710980474948883
0.3983573913574219
0.2901515066623688
0.20663803815841675
0.430033415555954
0.39380019903182983
0.3086383044719696
0.40634942054748535
0.5413157939910889
0.7083666920661926
0.41622960567474365
0.4633499085903168
0.4317406415939331
0.664202094078064
0.3069670498371124
0.5312573313713074
0.26979219913482666
0.2337409406900406
0.6807122230529785
0.5671812891960144
0.4589621126651764
0.4494776129722595
0.5040664076805115
0.41849350929260254
0.6800603270530701
0.3261767327785492
0.5212097764015198
0.4381149411201477
0.5577389001846313
0.4650496244430542
0.2908400893211365
0.4226711690425873
0.4363815486431122
0.42757368087768555
0.46052825450897217
0.28186437487602234
0.23789143562316895
0.37339523434638977
0.3200187087059021
0.4685192406177521
0.45066583156585693
0.3345521092414856
0.4820253551006317
0.5014747381210327
0.577488362789154
0.21358391642570496
0.629660964012146
0.5211724042892456
0.7400087118148804
0.5151485204696655
0.5725509524345398
0.697481095790863
0.37956127524375916
0.2667868733406067
0.28479674458503723
0.4832421541213989
0.4452928304672241
0.7098785638809204
0.30521830916404724
0.5629137754440308
0.3007894456386566
0.5617364048957825
0.5089483857154846
0.3904626965522766
0.38382965326309204
0.6151737570762634
0.38826313614845276
0.3787339925765991
0.7174001336097717
0.5664161443710327
0.5261340737342834
0.4304763972759247
0.4374831020832062
0.8055582046508789
0.5272114872932434
0.45744264125823975
0.4892994463443756
0.3707621693611145
0.6284803748130798
0.4003063440322876
0.48743870854377747
0.28599685430526733
0.3256208002567291
0.46493420004844666
0.6222025156021118
0.6269785761833191
0.3809709846973419
0.3961045444011688
0.5725489854812622
0.6884468793869019
0.41655147075653076
0.32896846532821655
0.29283106327056885
0.6134829521179199
0.7173718214035034
0.3753683269023895
0.5226860642433167
0.4316389858722687
0.563957691192627
0.4960496127605438
0.243551567196846
0.5224259495735168
0.5240373015403748
0.40401989221572876
0.1863405555486679
0.29337042570114136
0.2518247365951538
0.5016636848449707
0.43212172389030457
0.6268311142921448
0.46523517370224
0.3610820174217224
0.30562910437583923
0.31528693437576294
0.35664910078048706
0.19754546880722046
0.5429216623306274
0.5683065056800842
0.40339621901512146
0.16290932893753052
0.3593950569629669
0.5249975919723511
0.5202861428260803
0.7971099615097046
0.3713150918483734
0.6220476031303406
0.6006898880004883
0.33203932642936707
0.18560822308063507
0.21050550043582916
0.21953456103801727
0.5318434238433838
0.3676409125328064
0.3773135244846344
0.7907535433769226
0.5984794497489929
0.6565006971359253
0.5264087915420532
0.5338996648788452
0.6229152083396912
0.5546465516090393
0.25382718443870544
0.4892960488796234
0.5348234176635742
0.520322859287262
0.708682119846344
0.47685497999191284
0.4473262429237366
0.4533785879611969
0.49334514141082764
0.3708627223968506
0.6798110008239746
0.51398766040802
0.30123233795166016
0.4828758239746094
0.5111096501350403
0.40545010566711426
0.45266860723495483
0.4257323741912842
0.30279964208602905
0.43131163716316223
0.43055248260498047
0.35386714339256287
0.3383888900279999
0.44466927647590637
0.4971660077571869
0.7781820893287659
0.48060834407806396
0.2922905385494232
0.583329439163208
0.46633991599082947
0.1990356296300888
0.41250360012054443
0.6334396004676819
0.6436442732810974
0.29017743468284607
0.42722004652023315
0.42820221185684204
0.405500203371048
0.295958548784256
0.479557603597641
0.47509339451789856
0.5944206118583679
0.4343460500240326
0.3645572066307068
0.43588197231292725
0.6451942920684814
0.42287322878837585
0.44283607602119446
0.16511695086956024
0.6055519580841064
0.3179856538772583
0.35780808329582214
0.37247708439826965
0.30222582817077637
0.5540003180503845
0.28937989473342896
0.38979482650756836
0.3603341579437256
0.5814126133918762
0.27409884333610535
0.313233882188797
0.4908768832683563
0.24369102716445923
0.31388765573501587
0.48113012313842773
0.4333913028240204
0.46117880940437317
0.5861735343933105
0.602346658706665
0.38046276569366455
0.33614495396614075
0.5127143859863281
0.27808862924575806
0.39846429228782654
0.5205909609794617
0.6121209263801575
0.36821088194847107
0.5399929285049438
0.4159635305404663
0.3519759178161621
0.40795862674713135
0.6831415295600891
0.2740001976490021
0.3961227536201477
0.21379384398460388
0.5149250030517578
0.495402455329895
0.7242981791496277
0.47521284222602844
0.30508431792259216
0.6280452013015747
0.3612772822380066
0.5691702961921692
0.37204480171203613
0.4074609577655792
0.4329615831375122
0.39443567395210266
0.4889064431190491
0.45233604311943054
0.45194900035858154
0.45660409331321716
0.6561292409896851
0.4764087200164795
0.5584620833396912
0.4507431387901306
0.5967441201210022
0.47680652141571045
0.2782604992389679
0.33342263102531433
0.4987102448940277
0.462385892868042
0.5513282418251038
0.5523819923400879
0.5833073258399963
0.3932649791240692
0.2899205684661865
0.7546900510787964
0.3201768696308136
0.36067530512809753
0.5399219393730164
0.31254956126213074
0.3601308763027191
0.4933105409145355
0.48263368010520935
0.5172662734985352
0.2874175012111664
0.4183202087879181
0.34238120913505554
0.4775378406047821
0.5229766368865967
0.5799773931503296
0.4595806300640106
0.604500949382782
0.33416715264320374
0.19114075601100922
0.40660011768341064
0.417673259973526
0.40966999530792236
0.346232146024704
0.5210288166999817
0.5805056691169739
0.34272685647010803
0.40982553362846375
0.32826751470565796
0.2792595624923706
0.2636949121952057
0.36206290125846863
0.3660631775856018
0.3986770212650299
0.48513638973236084
0.3576832711696625
0.5947622656822205
0.6544875502586365
0.6005681157112122
0.3849948048591614
0.5960433483123779
0.38584333658218384
0.4787939786911011
0.25289878249168396
0.6152496933937073
0.29776838421821594
0.2866015136241913
0.4738751947879791
0.45307281613349915
0.6270653009414673
0.37485194206237793
0.17099596560001373
0.5578938126564026
0.7284400463104248
0.6010029911994934
0.3589627742767334
0.3980599641799927
0.38112571835517883
0.6967259049415588
0.2641756236553192
0.491730272769928
0.45414698123931885
0.7748149037361145
0.3342825472354889
0.44753021001815796
0.4725659489631653
0.26553481817245483
0.249578058719635
0.5011621713638306
0.4993102550506592
0.6916967034339905
0.5815073251724243
0.7230979800224304
0.4669587016105652
0.3356494903564453
0.525740921497345
0.8392834067344666
0.48526492714881897
0.23976583778858185
0.25703656673431396
0.7961785197257996
0.18554149568080902
0.36365818977355957
0.326266884803772
0.2104284167289734
0.47206687927246094
0.5139632821083069
0.3949633836746216
0.3676068186759949
0.3483242094516754
0.3251994252204895
0.6774337291717529
0.44821304082870483
0.6314498782157898
0.5529896020889282
0.6069499850273132
0.508938729763031
0.5444345474243164
0.6609723567962646
0.24261346459388733
0.46391236782073975
0.4009939134120941
0.3388676047325134
0.31064581871032715
0.3893725574016571
0.45664653182029724
0.42417240142822266
0.4349580705165863
0.345589280128479
0.41907790303230286
0.42915651202201843
0.26985034346580505
0.3865028917789459
0.5167043805122375
0.37467607855796814
0.4411029517650604
0.635977566242218
0.5807418823242188
0.5132595300674438
0.44634538888931274
0.3472351133823395
0.6997756361961365
0.48192447423934937
0.5408316850662231
0.31411197781562805
0.46280717849731445
0.707364022731781
0.30685508251190186
0.7363561987876892
0.3688938021659851
0.6913794279098511
0.6753330230712891
0.4580323100090027
0.4958987534046173
0.4090951085090637
0.5916892290115356
0.6939226388931274
0.3613726794719696
0.4024353623390198
0.3899964690208435
0.6363394856452942
0.40198200941085815
0.42275500297546387
0.43572184443473816
0.4041680097579956
0.561941385269165
0.2617148160934448
0.5283287167549133
0.3338092267513275
0.4089161157608032
0.5198931097984314
0.35847318172454834
0.5477359890937805
0.581831157207489
0.44537246227264404
0.4194027781486511
0.5891662240028381
0.3821578025817871
0.24551810324192047
0.30110934376716614
0.3200351297855377
0.7163321375846863
0.39735618233680725
0.5079668760299683
0.4224903881549835
0.2538141906261444
0.3987192213535309
0.32308581471443176
0.6298782825469971
0.5288750529289246
0.22067628800868988
0.3271328806877136
0.37062132358551025
0.6721243858337402
0.6728154420852661
0.6696136593818665
0.39096108078956604
0.291165828704834
0.24801330268383026
0.3859339952468872
0.47914594411849976
0.37345224618911743
0.3605535924434662
0.39506837725639343
0.4322686791419983
0.4397631883621216
0.6311345100402832
0.3747579753398895
0.581588864326477
0.21641813218593597
0.489522784948349
0.6588788032531738
0.5081581473350525
0.5712523460388184
0.48824062943458557
0.39162471890449524
0.4233359694480896
0.4485415816307068
0.5742202401161194
0.42816659808158875
0.3035081624984741
0.3859657645225525
0.24290187656879425
0.23133766651153564
0.3144652247428894
0.2772621214389801
0.5848240256309509
0.2717192769050598
0.4498317539691925
0.7105069756507874
0.35266801714897156
0.3759630024433136
0.33163005113601685
0.659073531627655
0.5037943124771118
0.5085384249687195
0.6116681694984436
0.3791714310646057
0.509088933467865
0.5367096066474915
0.5433982014656067
0.520180881023407
0.6199594140052795
0.5642964839935303
0.623600959777832
0.6330453157424927
0.6314824223518372
0.5263476967811584
0.5248184204101562
0.4748479127883911
0.3627713620662689
0.387112557888031
0.391169935464859
0.2287158966064453
0.4514717161655426
0.4198368489742279
0.49872341752052307
0.390428751707077
0.5993216633796692
0.7345472574234009
0.29619771242141724
0.6640180349349976
0.4955781102180481
0.250531405210495
0.6162499785423279
0.31448084115982056
0.4720606207847595
0.25949081778526306
0.48264938592910767
0.4192304015159607
0.4059251844882965
0.7754455208778381
0.48621103167533875
0.4272545576095581
0.46411898732185364
0.3839692771434784
0.6653528213500977
0.5062205791473389
0.41209983825683594
0.251554399728775
0.44274258613586426
0.5059351921081543
0.47212472558021545
0.20986028015613556
0.1611042618751526
0.33188894391059875
0.2884483337402344
0.3634195327758789
0.31940823793411255
0.36716872453689575
0.5995315909385681
0.3918328881263733
0.49533531069755554
0.484279990196228
0.5727748870849609
0.3449256122112274
0.4898524880409241
0.7808926105499268
0.7608811855316162
0.4506109058856964
0.3232291638851166
0.48267459869384766
0.4917963743209839
0.2623986005783081
0.6750391125679016
0.559539794921875
0.64078688621521
0.4633749723434448
0.5527196526527405
0.7491267919540405
0.3701534569263458
0.25837430357933044
0.279653400182724
0.3853042423725128
0.2641927897930145
0.31226682662963867
0.19210395216941833
0.4291464388370514
0.4980773329734802
0.7018304467201233
0.5755059123039246
0.5430026054382324
0.538615345954895
0.4154382050037384
0.25947991013526917
0.4768266975879669
0.32515788078308105
0.47842830419540405
0.24280035495758057
0.40781140327453613
0.2083989530801773
0.2758074402809143
0.47966817021369934
0.36146634817123413
0.3767591118812561
0.4060549736022949
0.5397178530693054
0.7522955536842346
0.3878059685230255
0.5317656397819519
0.24855417013168335
0.611644446849823
0.2934136986732483
0.5309541821479797
0.6061940789222717
0.7438670992851257
0.423528254032135
0.685738742351532
0.34874069690704346
0.4376412332057953
0.569636344909668
0.5232526063919067
0.4413912892341614
0.6278039216995239
0.5376166105270386
0.42599019408226013
0.532512903213501
0.5264391303062439
0.3885951042175293
0.3231795132160187
0.32223325967788696
0.31308311223983765
0.4597596526145935
0.34110134840011597
0.34955763816833496
0.3044670820236206
0.41703560948371887
0.34117090702056885
0.4420703053474426
0.6295130252838135
0.41711217164993286
0.4319877624511719
0.5873209238052368
0.4461928606033325
0.5672422647476196
0.4386926591396332
0.5967928171157837
0.49019891023635864
0.3098428249359131
0.2050742357969284
0.5214700698852539
0.5823529362678528
0.5121907591819763
0.4823308289051056
0.280223548412323
0.47988009452819824
0.47962912917137146
0.43371331691741943
0.6033818125724792
0.25140872597694397
0.4027416706085205
0.5348041653633118
0.6908449530601501
0.5015086531639099
0.7018137574195862
0.544394850730896
0.6635152697563171
0.6427047848701477
0.5364366769790649
0.635677695274353
0.4067433774471283
0.626501202583313
0.493867427110672
0.6719724535942078
0.6184301376342773
0.8631381392478943
0.7819355130195618
0.35982412099838257
0.3989189863204956
0.3827982246875763
0.6199496388435364
0.4694559872150421
0.4212802052497864
0.676588773727417
0.5414242744445801
0.6569096446037292
0.4212281405925751
0.6239518523216248
0.6606605052947998
0.3025749921798706
0.35658299922943115
0.22113755345344543
0.5098143219947815
0.5962669849395752
0.3475619852542877
0.28601452708244324
0.4704129695892334
0.5882568359375
0.45648065209388733
0.4109150469303131
0.4687420129776001
0.34757116436958313
0.35409387946128845
0.2917017340660095
0.5655389428138733
0.47021621465682983
0.29444271326065063
0.28979429602622986
0.6452676653862
0.3343300223350525
0.4245757758617401
0.5975441932678223
0.4316631853580475
0.4234451651573181
0.28107619285583496
0.31237420439720154
0.4265642762184143
0.23429502546787262
0.3643292784690857
0.4322304427623749
0.4456537663936615
0.5975795984268188
0.44722187519073486
0.46402087807655334
0.287592351436615
0.2565503716468811
0.19339463114738464
0.7556458711624146
0.6232459545135498
0.4388056695461273
0.5369309186935425
0.5479564666748047
0.2855851650238037
0.6382856369018555
0.43735426664352417
0.4679100513458252
0.33618780970573425
0.165995255112648
0.1080334261059761
0.7490976452827454
0.3607022166252136
0.6016018986701965
0.2659699618816376
0.6863659024238586
0.2978850305080414
0.47678035497665405
0.22323866188526154
0.34446045756340027
0.3722759187221527
0.21431976556777954
0.49825453758239746
0.4774518311023712
0.3733466565608978
0.2457032948732376
0.41262269020080566
0.5901340246200562
0.61793452501297
0.3237535059452057
0.49080634117126465
0.652655303478241
0.22165973484516144
0.7761489748954773
0.2551456391811371
0.3667726516723633
0.3020906150341034
0.6755644083023071
0.4070991575717926
0.7439741492271423
0.6831274032592773
0.6259464025497437
0.7229391932487488
0.24932639300823212
0.5286053419113159
0.24869094789028168
0.16433754563331604
0.433994323015213
0.3205448389053345
0.4301304519176483
0.5807232856750488
0.2734963893890381
0.16320762038230896
0.5095982551574707
0.7078593373298645
0.444732666015625
0.259311705827713
0.4944005310535431
0.32436925172805786
0.29235509037971497
0.578765869140625
0.4053930342197418
0.5032328367233276
0.23011213541030884
0.5100821256637573
0.3508681058883667
0.28120216727256775
0.5337284803390503
0.5246883630752563
0.4242127537727356
0.34088075160980225
0.7029701471328735
0.4078136384487152
0.5357761383056641
0.29196885228157043
0.4687380790710449
0.41449958086013794
0.24817755818367004
0.6816564798355103
0.33548474311828613
0.45181602239608765
0.4842991530895233
0.3983834683895111
0.5533055663108826
0.34417924284935
0.19086028635501862
0.3361656665802002
0.22005127370357513
0.4640447795391083
0.3061741292476654
0.6520054936408997
0.3966062366962433
0.43897977471351624
0.481591135263443
0.34636107087135315
0.709341287612915
0.5732377171516418
0.2452637106180191
0.4321841895580292
0.2775346338748932
0.6511085033416748
0.7232190370559692
0.6798907518386841
0.472089946269989
0.4801015853881836
0.6131965517997742
0.45605921745300293
0.39144167304039
0.2311704158782959
0.4254815876483917
0.470153272151947
0.16048824787139893
0.5662727355957031
0.4296724498271942
0.5520969033241272
0.7040824294090271
0.3356759250164032
0.5290024876594543
0.5573045015335083
0.4131813943386078
0.31486040353775024
0.5437043905258179
0.5406924486160278
0.3437577188014984
0.5120395421981812
0.5201982855796814
0.43329983949661255
0.4624153673648834
0.5676304697990417
0.4367198050022125
0.5115363001823425
0.38849136233329773
0.45232275128364563
0.6057700514793396
0.4475356638431549
0.4386632740497589
0.4379989802837372
0.5774388909339905
0.3505585789680481
0.5982972979545593
0.41128918528556824
0.33149266242980957
0.34436699748039246
0.7001177668571472
0.5559664368629456
0.44202694296836853
0.383833110332489
0.32143470644950867
0.5588688254356384
0.6715506315231323
0.2704109847545624
0.5468596816062927
0.6258208155632019
0.6150885224342346
0.26076674461364746
0.5970057845115662
0.4142717719078064
0.6168588995933533
0.27099573612213135
0.6526085138320923
0.325323224067688
0.6602733135223389
0.30674296617507935
0.2371465116739273
0.49169087409973145
0.33034342527389526
