0.9458690285682678
0.9680026173591614
0.05446825921535492
0.5319024324417114
0.9370802044868469
0.5089131593704224
0.2109677642583847
0.0008104047738015652
0.9252049922943115
0.9201236367225647
0.004660205449908972
0.9283475875854492
0.977670431137085
0.9665416479110718
0.09736528992652893
0.6762117147445679
0.661670982837677
0.017226438969373703
0.9614246487617493
0.01418020948767662
0.023018136620521545
0.6550187468528748
0.05637425184249878
0.29651570320129395
0.5395306944847107
0.9648629426956177
0.08534197509288788
0.9882128834724426
0.2556985914707184
0.08263301849365234
0.6116721630096436
0.7914153933525085
0.16091671586036682
0.07931489497423172
0.9520452618598938
0.8472310304641724
0.07210993766784668
0.648176372051239
0.567279040813446
0.8204602599143982
0.6402971148490906
0.9954036474227905
0.24689891934394836
0.020160064101219177
0.30226626992225647
0.9828737378120422
0.9217838048934937
0.9818261861801147
0.8881500363349915
0.8691929578781128
0.9898292422294617
0.634428858757019
0.8558587431907654
0.9965884685516357
0.9621630311012268
0.8421269059181213
0.5866696238517761
0.9362758994102478
0.8124828338623047
0.8072217702865601
0.1692255437374115
0.984851062297821
0.9870256781578064
0.9881718754768372
0.939845621585846
0.9843832850456238
0.9846668243408203
0.2107895463705063
0.7537866830825806
0.0004314357356633991
0.9815836548805237
0.49639812111854553
0.8558418154716492
0.3661198318004608
0.5747005343437195
0.9817790389060974
0.9499997496604919
0.4065449833869934
0.9349364638328552
0.024438533931970596
0.9292824864387512
0.9538983702659607
0.9736735820770264
0.8311710357666016
0.9894168972969055
0.9607810378074646
0.5250383615493774
0.6110373735427856
0.8412051796913147
0.08185846358537674
0.9532908797264099
0.005634885281324387
0.16876481473445892
0.29918625950813293
0.9465164542198181
0.22741344571113586
0.6523648500442505
0.003061898285523057
0.2996067702770233
0.9081742763519287
0.9527992010116577
0.8924614787101746
0.746677041053772
0.907171368598938
0.0010281653376296163
0.8306475877761841
0.6909477114677429
0.8745824098587036
0.9973739385604858
0.029090825468301773
0.9792523980140686
0.3858208954334259
0.9477717280387878
0.11543846130371094
0.0006754413479939103
0.2775665819644928
0.6166237592697144
0.2573922276496887
0.8169997930526733
0.027647575363516808
0.8699042797088623
0.004744472447782755
0.024239178746938705
0.45551803708076477
0.9348213076591492
0.0027989684604108334
0.9896514415740967
0.9968231916427612
0.9830942749977112
0.9346445798873901
0.7386043071746826
0.19467420876026154
0.16249285638332367
0.5105223655700684
0.1020466610789299
0.018300935626029968
0.15200476348400116
0.8106914758682251
0.05381268635392189
0.826773464679718
0.014888638630509377
0.2790217101573944
0.9389775991439819
0.3392065167427063
0.8826373815536499
0.3869418203830719
0.5510817766189575
0.1795859932899475
0.0034350925125181675
0.7454611659049988
0.4005785286426544
0.03263404965400696
0.00019380250887479633
0.7724180817604065
0.9861131310462952
0.1349242776632309
0.9010590314865112
0.8741284012794495
0.9743573665618896
0.8677756190299988
0.8406652212142944
0.4584340751171112
0.9838396906852722
0.7653099298477173
0.8815543055534363
0.20427283644676208
0.2242782860994339
3.406855103094131e-05
0.20223455131053925
0.018466541543602943
0.000632733921520412
0.8614624738693237
0.9436358213424683
0.974811851978302
0.9537001252174377
0.869805634021759
0.9611411094665527
0.7531206011772156
0.035451941192150116
0.3998461663722992
0.006697915494441986
0.4687971770763397
0.971381664276123
0.1066741943359375
0.32805824279785156
0.9791125059127808
0.0006069185328669846
0.9426621198654175
1.1325018022034783e-05
0.6447275280952454
0.9400278925895691
0.4605669379234314
0.2265648990869522
0.2157907485961914
0.9892292022705078
0.942360520362854
0.099037304520607
0.9229019284248352
0.9923895001411438
0.1991165280342102
0.00043603291851468384
0.00035254444810561836
0.4105837047100067
0.0004448728577699512
0.5896990299224854
0.678655743598938
0.5379416942596436
0.9480249285697937
0.17854630947113037
0.9084693789482117
0.06684453040361404
0.3863071799278259
0.5867753028869629
0.8863799571990967
0.9893251657485962
0.7338562607765198
0.3095058500766754
0.43056046962738037
0.9181058406829834
0.9917113780975342
0.021919826045632362
0.04039906710386276
0.7682280540466309
0.09226977825164795
0.9245690107345581
0.9483630657196045
0.15799467265605927
0.7029098868370056
0.974816083908081
0.9817204475402832
0.15477187931537628
0.9621245265007019
0.8101596236228943
0.38845837116241455
0.39009058475494385
0.014703786000609398
0.7004973888397217
0.46139562129974365
0.9233389496803284
0.4607444405555725
0.44626080989837646
0.07109957933425903
0.8082460761070251
0.9610229730606079
0.9635261297225952
0.891273021697998
0.8211747407913208
0.10881850868463516
0.049014970660209656
0.010636085644364357
0.049598127603530884
0.39190977811813354
0.9007052183151245
0.674678385257721
0.128310427069664
0.024578984826803207
0.5969402194023132
0.8368886113166809
0.05591915175318718
0.6306988000869751
0.6102151870727539
0.32692551612854004
0.0003949871752411127
0.09430541098117828
0.17278185486793518
0.13921451568603516
0.7097708582878113
4.562433605315164e-05
0.7779411673545837
0.32259905338287354
0.07099276781082153
0.9668066501617432
0.21710245311260223
0.012813232839107513
0.9918273687362671
0.15458720922470093
0.21610112488269806
0.006816800683736801
0.09619014710187912
0.10755903273820877
0.564215362071991
0.9890005588531494
0.866526186466217
0.9509444236755371
0.9777019023895264
0.9076535701751709
0.765067994594574
0.8044846057891846
0.7351859211921692
0.008569221012294292
0.25184252858161926
0.48993808031082153
0.0007357719005085528
0.9808762669563293
0.8573712706565857
0.7410009503364563
0.7569329738616943
0.9549553990364075
0.9854965806007385
0.2072426676750183
0.8985897898674011
0.7088491916656494
0.6050004363059998
0.4692569375038147
0.03009778819978237
0.9967137575149536
0.01641526259481907
0.967923104763031
0.6470429301261902
0.8662735223770142
0.3518788516521454
0.018216554075479507
0.9179043173789978
0.9680318832397461
0.835826575756073
0.04234595596790314
0.09324301779270172
0.15001125633716583
0.011481172405183315
0.01553373597562313
0.8999378681182861
0.27990028262138367
0.048138055950403214
0.8372676372528076
0.009591294452548027
0.04168321192264557
0.9565995335578918
0.6166979074478149
0.9111282229423523
0.008108090609312057
0.9831382036209106
0.9915006160736084
0.529730498790741
0.5956377387046814
0.4077530801296234
0.0043556480668485165
0.9411256909370422
0.2893160879611969
0.9064304828643799
0.7219008803367615
0.1545652598142624
0.565929114818573
0.5371994972229004
0.42102089524269104
0.9461210370063782
0.994766354560852
0.16126716136932373
0.9825282692909241
0.7504727840423584
0.014487454667687416
0.4505748152732849
0.01536970678716898
0.9647022485733032
0.7849931716918945
0.02195858582854271
0.8942524194717407
0.03703588992357254
0.8937653303146362
0.12104004621505737
0.7448373436927795
0.02819940634071827
0.057750992476940155
0.000469791964860633
0.026792770251631737
0.906217098236084
0.2139938622713089
0.12608465552330017
0.039891064167022705
0.0632568746805191
0.16977731883525848
0.16430768370628357
0.9295198321342468
0.9002186059951782
0.6266927123069763
0.6745869517326355
0.03323480486869812
0.7582494616508484
0.9461730122566223
0.27409180998802185
0.941154420375824
0.2824057340621948
0.8053220510482788
0.9649952054023743
0.4588668942451477
0.0028669361490756273
0.11950068920850754
0.09899543970823288
0.9949101805686951
0.6242276430130005
0.21797385811805725
0.460880309343338
0.9849746823310852
0.4046231210231781
0.7385637164115906
0.1689472496509552
0.7727148532867432
0.7025632858276367
0.9888907670974731
0.9541816711425781
0.9882891178131104
0.9907304644584656
0.9928626418113708
0.46510347723960876
0.24070078134536743
0.820009171962738
0.471505343914032
0.586644172668457
0.0824994444847107
0.8686127066612244
0.8176982998847961
0.1742679923772812
0.8905064463615417
0.015155882574617863
0.990412175655365
0.0010541776427999139
0.18563897907733917
0.9626374840736389
0.3059501051902771
0.20766669511795044
0.19688327610492706
0.8231874108314514
0.06157686933875084
0.046223677694797516
0.3401269018650055
0.8333004117012024
0.9945845007896423
0.745180070400238
0.8960458040237427
0.9789363145828247
0.0012192967114970088
0.00107731728348881
0.9553704261779785
0.10986305773258209
0.8997957110404968
0.7734996676445007
0.0023721614852547646
0.9498175382614136
0.9371001720428467
0.0004150854074396193
0.13225533068180084
0.6277667880058289
0.9684630632400513
0.6195060014724731
0.15271209180355072
0.8712680339813232
0.22215969860553741
0.9044013023376465
0.995451033115387
0.07514527440071106
0.901462972164154
0.013071898370981216
0.9597336649894714
0.9622999429702759
0.8150861859321594
0.9513994455337524
0.8367716073989868
0.6597445011138916
0.2777637839317322
0.9907714128494263
0.18654276430606842
0.6229611039161682
0.9062371850013733
0.0021323803812265396
0.10925561934709549
0.18176285922527313
0.8689106702804565
0.9538447856903076
0.9913124442100525
0.9676129221916199
0.9819005131721497
0.216116800904274
0.2384771704673767
0.5255614519119263
0.9221576452255249
0.6139320731163025
0.9966409206390381
0.00961179006844759
0.038398224860429764
0.6328116655349731
0.9562215209007263
0.982165515422821
0.9198521971702576
0.9427672028541565
0.09013103693723679
0.2336883544921875
0.02128779888153076
0.02539420686662197
0.8544605374336243
0.7195995450019836
0.9385526180267334
0.2792118787765503
0.006966796703636646
0.9796257615089417
0.04129625856876373
0.17728203535079956
0.9511014223098755
0.9780736565589905
0.9421586990356445
0.5013551712036133
0.468596488237381
0.186101496219635
0.8301184773445129
0.0006981315673328936
0.9750515222549438
0.7883033752441406
0.8116100430488586
0.00678064813837409
0.07385798543691635
0.9695861339569092
0.8459359407424927
0.9979948997497559
0.13063295185565948
0.715873122215271
0.024891143664717674
0.20359671115875244
0.9961856007575989
0.5027867555618286
0.6444879174232483
0.6639527678489685
0.8168209791183472
0.8846935033798218
0.022084077820181847
0.1645238697528839
0.9904859662055969
0.9861964583396912
0.020240681245923042
0.2877767086029053
0.2068684697151184
0.8755491375923157
0.9150267243385315
1.8743092368822545e-05
0.9806023836135864
0.9523826241493225
0.7082502841949463
0.7354990839958191
0.9645859003067017
0.8802056312561035
0.22622331976890564
0.08477339148521423
0.09992186725139618
0.07437971234321594
0.3413432836532593
0.175754114985466
0.12282799929380417
0.8704686760902405
0.0006985135260038078
0.03487627953290939
0.04654325544834137
0.7968552112579346
0.009467974305152893
0.43308576941490173
0.505597710609436
0.7656829357147217
0.28589004278182983
0.5853450298309326
0.015565617941319942
0.9959568381309509
0.9725314378738403
0.8092448711395264
0.6930110454559326
0.8233476877212524
0.8247882723808289
0.7957733273506165
0.932508647441864
0.9688261151313782
0.1311565339565277
0.49791860580444336
0.9752829074859619
0.6301990747451782
0.0004934518365189433
0.02147912234067917
0.9722414612770081
0.9852594137191772
0.9849653244018555
0.03105103224515915
0.8058337569236755
0.7658209800720215
0.9797720909118652
0.7895238995552063
0.54405277967453
0.3677610754966736
0.9746487736701965
0.9925260543823242
0.9338730573654175
0.4266014099121094
0.0036403946578502655
0.31177982687950134
0.235674187541008
0.0017352344002574682
0.9750648736953735
0.023123890161514282
0.919835090637207
0.9089231491088867
0.9940561056137085
0.7931979894638062
0.09997232258319855
0.08187316358089447
0.9736790060997009
0.05512724071741104
0.62422114610672
0.6597893834114075
0.6011967062950134
0.8810243606567383
0.9414721131324768
0.3259812593460083
0.16901981830596924
0.7875311970710754
0.15834186971187592
0.8330937027931213
0.1277121603488922
0.22823552787303925
0.5560004711151123
0.5668225884437561
0.07161284983158112
0.00010013253631768748
0.08862802386283875
0.9884461164474487
0.22150564193725586
0.975303053855896
0.9783344268798828
0.9873272776603699
0.9946185350418091
0.9885824918746948
0.6596984267234802
0.42553460597991943
0.8916038870811462
0.003966237418353558
2.1939509679214098e-05
0.023258699104189873
0.0003596714814193547
0.7577146887779236
0.507724404335022
0.0124809043481946
0.00026045224512927234
0.08700000494718552
0.2414650321006775
0.08877535164356232
0.48017337918281555
0.06221666932106018
0.42518821358680725
0.9952219128608704
0.9878701567649841
0.9732531309127808
0.9965439438819885
0.0010776036651805043
0.6493425965309143
0.6658254265785217
0.983727216720581
0.9775562882423401
0.8920237421989441
0.8009715676307678
0.9066017866134644
0.70851731300354
0.022995736449956894
0.18488065898418427
0.12854795157909393
0.9816161394119263
0.0006766410078853369
0.022834332659840584
4.404965636695124e-08
0.9212462902069092
0.9467057585716248
0.042343709617853165
0.9017093181610107
0.13645565509796143
0.44097900390625
0.4765554964542389
0.1769426167011261
0.9888667464256287
0.49361652135849
0.5571925640106201
0.22877469658851624
0.009465845301747322
0.9651449918746948
0.7907013893127441
0.8321938514709473
0.8388196229934692
0.43044036626815796
0.9365610480308533
0.5797132849693298
0.8738687038421631
0.5321140289306641
0.18486973643302917
0.3189018666744232
0.585929274559021
0.9890056252479553
0.5420188307762146
0.0038827478419989347
0.605496883392334
0.275829553604126
0.968871533870697
0.9900340437889099
0.3463500738143921
0.01968877948820591
0.986276388168335
0.9484520554542542
0.7472147345542908
0.03671490401029587
0.19667178392410278
0.9865831732749939
0.07396471500396729
0.8646904826164246
0.8530297875404358
0.6633696556091309
0.5568857192993164
0.8985605239868164
0.9290327429771423
0.02738676220178604
0.8543018102645874
0.005503787659108639
0.7594638466835022
0.7457869052886963
0.9823973178863525
0.877220869064331
0.9770696759223938
0.9161583781242371
0.222319096326828
0.9015413522720337
0.9884849786758423
0.3372865617275238
0.9833109378814697
0.21169480681419373
0.38566598296165466
0.8350730538368225
0.7869459986686707
0.9105823636054993
0.7939556837081909
0.6936960220336914
0.012812098488211632
0.4768778681755066
0.014995754696428776
0.34375879168510437
0.6569949984550476
0.9613943696022034
0.6136430501937866
0.6486095786094666
0.1402309536933899
0.674160361289978
0.9697198271751404
0.003701060311868787
0.5161862969398499
2.4939341528806835e-05
0.010051585733890533
0.0025072586722671986
0.8010329008102417
0.03553346171975136
0.9481939077377319
0.030602116137742996
0.6980901956558228
0.6432009339332581
0.006705971900373697
0.732789158821106
0.007197245489805937
0.9416518807411194
0.026699701324105263
0.8725152015686035
0.9319892525672913
0.5496037006378174
0.9653846025466919
0.5360753536224365
0.8361702561378479
0.7078472971916199
0.9893366098403931
0.2974385619163513
0.8663287162780762
0.5288571715354919
0.9559956192970276
0.5164100527763367
0.9976728558540344
0.7230667471885681
0.3635258376598358
0.8714929819107056
0.23160038888454437
0.6427498459815979
0.9902282953262329
0.612663209438324
0.8487777709960938
0.15753063559532166
0.02502894215285778
0.1478402465581894
0.01618187688291073
0.9885377883911133
0.8961244225502014
0.10292739421129227
0.9967122077941895
0.9785240888595581
0.995559811592102
0.07132142037153244
0.126642644405365
0.009839992970228195
0.6957467794418335
0.7907683253288269
0.00031402872991748154
0.1024676039814949
0.04009093716740608
0.8197346925735474
0.5647503733634949
0.882505476474762
0.9369496703147888
0.9525043964385986
0.97586989402771
0.09441885352134705
0.22109609842300415
0.7349269986152649
0.06363638490438461
0.03515411168336868
0.841230034828186
0.8317142128944397
0.4068882465362549
0.08350972831249237
0.9975093603134155
0.9540619850158691
0.001374781597405672
0.8053836822509766
0.9874082803726196
0.8983296155929565
0.7975073456764221
0.9391438961029053
0.14579002559185028
0.4730425775051117
0.003143137786537409
0.2810446321964264
0.9866734743118286
0.006468801759183407
0.3756239414215088
0.3422900140285492
0.0742713212966919
0.0002472529304213822
0.7793665528297424
0.34951692819595337
0.07288122177124023
0.8340553045272827
0.05994061753153801
0.0007981151575222611
0.8504164218902588
0.7180508375167847
0.9297024011611938
0.5086821913719177
0.9920653700828552
0.9308767318725586
0.3864697813987732
0.15728424489498138
0.007179488427937031
0.14657168090343475
0.1241246908903122
0.35478150844573975
0.045359041541814804
0.6652284860610962
0.1615680605173111
0.87162184715271
0.08238827437162399
0.006117259152233601
0.769109308719635
0.8795640468597412
0.9596905708312988
0.9164301156997681
0.9967161417007446
0.11866353452205658
0.717802882194519
0.6532030701637268
0.04038768261671066
0.2764769196510315
0.1595466136932373
0.12599337100982666
0.3263562321662903
0.7182126045227051
0.17796337604522705
0.9483033418655396
0.9754598140716553
0.5875449776649475
0.6740407347679138
0.7942251563072205
0.36144301295280457
0.7534531354904175
0.6865405440330505
0.9603390693664551
0.7586950063705444
0.680942952632904
0.783657968044281
0.09416970610618591
0.8835326433181763
0.6764069199562073
0.0011070958571508527
0.0007853994611650705
0.41023898124694824
0.40449264645576477
0.4561554193496704
0.755639374256134
0.1308760941028595
0.5784441232681274
0.8138259649276733
0.8587122559547424
0.45137590169906616
0.3556522727012634
0.37035825848579407
0.9257218241691589
0.06257228553295135
0.25587978959083557
0.25171568989753723
0.3004950284957886
0.0007305924082174897
0.07441433519124985
0.9564629793167114
0.028469525277614594
0.7216067314147949
0.14339955151081085
0.6009453535079956
0.052091509103775024
0.9976020455360413
0.29287755489349365
0.7679654955863953
0.7913784384727478
0.2586156129837036
0.0056313867680728436
0.0015356424264609814
0.95106440782547
0.24605952203273773
0.35751253366470337
0.7822151184082031
0.00010881158232223243
0.01915924809873104
0.5360597968101501
0.18353337049484253
0.6255581974983215
0.860110878944397
0.7803520560264587
0.6354607343673706
0.7740086317062378
0.9960171580314636
0.2435762733221054
0.6684108972549438
0.43394598364830017
0.20978577435016632
0.48013123869895935
0.9556663632392883
0.9688410758972168
0.9930185675621033
0.18911470472812653
0.742472231388092
0.8820614218711853
0.990877091884613
0.9303310513496399
0.17913763225078583
0.6501995325088501
0.6406722664833069
0.17387598752975464
0.8139535188674927
0.7408610582351685
0.4603791832923889
0.07052823901176453
0.0004632054769899696
0.9980124235153198
0.0006607653922401369
0.9102169871330261
0.7115809321403503
0.8365645408630371
0.5630336403846741
0.9824883341789246
0.4215318262577057
0.3234918415546417
0.00014414051838684827
0.9923507571220398
0.7017882466316223
0.003844363847747445
0.004598765634000301
0.9397860169410706
0.9688103199005127
0.6010261178016663
0.9454060792922974
0.10704189538955688
0.2023204267024994
0.049429189413785934
0.08364448696374893
0.5842066407203674
0.0007939432398416102
0.7409541010856628
0.430203914642334
0.6771340370178223
0.01814689114689827
0.8630974292755127
0.0228661447763443
0.37393510341644287
0.19180716574192047
0.9277182221412659
0.7672761082649231
0.5956316590309143
0.09918956458568573
0.9010465145111084
0.981225311756134
0.9742558598518372
0.9425591826438904
0.710792601108551
0.9888062477111816
0.027080152183771133
0.5677146315574646
0.9427646994590759
0.6340315341949463
0.9478641152381897
0.042618826031684875
0.8748579621315002
0.8395726084709167
0.9389865398406982
0.0015294055920094252
0.9945095181465149
0.9743656516075134
0.3134200870990753
0.15063345432281494
0.9458677768707275
0.9633345007896423
0.770727813243866
0.1465008407831192
0.0021457013208419085
0.23504124581813812
0.09672632813453674
0.874423086643219
0.987541139125824
0.0005778449703939259
0.7325441837310791
0.7697586417198181
0.9567528367042542
0.05520344153046608
0.7604913711547852
0.9831175804138184
0.10305408388376236
0.9520270228385925
0.9392838478088379
0.9872138500213623
0.5659359097480774
0.3821970820426941
0.6988301873207092
0.0002207913203164935
0.0012824764708057046
0.8707571625709534
0.9473868012428284
0.8945890665054321
0.09813082963228226
0.7586886286735535
0.7295408248901367
0.7378047108650208
0.8026183843612671
0.8277600407600403
0.4446006715297699
0.2842038571834564
0.9775441288948059
0.9754811525344849
0.11179837584495544
0.9652795195579529
0.95756596326828
0.5570970177650452
0.31874075531959534
0.7986319661140442
0.052570123225450516
0.6222323775291443
0.9853020906448364
0.7279033064842224
0.5416233539581299
0.7121440768241882
0.713794469833374
0.030753495171666145
0.21536435186862946
0.9051109552383423
0.19856353104114532
0.5304967164993286
0.8378985524177551
0.3941737115383148
0.966286301612854
0.005921049043536186
0.2137443721294403
0.01295970007777214
0.46826407313346863
0.032325129956007004
0.9761964082717896
0.7127712965011597
0.06576335430145264
0.2359950989484787
0.0005141135188750923
0.01284831017255783
0.0003322322154417634
0.006588438991457224
0.6237536072731018
0.7455710768699646
0.5327514410018921
0.927151620388031
0.8355071544647217
0.8134061694145203
0.8858613967895508
0.9109618067741394
0.19169911742210388
0.2231682687997818
0.1635785549879074
0.901176929473877
0.12247149646282196
0.32837849855422974
0.7880290150642395
3.687316052491951e-08
3.944050641635499e-10
0.9898583292961121
0.013043851591646671
0.9253105521202087
0.9938845038414001
0.3886147141456604
0.862933337688446
0.862449586391449
0.9614464640617371
0.9566654562950134
0.04768870398402214
0.027733080089092255
0.17779949307441711
0.22546181082725525
0.9965241551399231
0.8522916436195374
0.016390211880207062
0.909609317779541
0.08765093237161636
0.0022620835807174444
0.005048421211540699
0.6235798597335815
0.6258074045181274
0.10935144126415253
0.04531991109251976
0.468633770942688
0.9661091566085815
0.9703688621520996
0.07503533363342285
0.5661168098449707
0.2249235361814499
0.889563262462616
0.053919658064842224
0.949752151966095
0.6048642992973328
0.5021072030067444
0.988532543182373
0.005098402965813875
0.8913092017173767
0.2631824314594269
0.029253581538796425
0.1486232578754425
0.011845326982438564
0.017174527049064636
0.04396336153149605
0.9721032977104187
0.01133157778531313
0.049936551600694656
0.023139577358961105
0.5478308200836182
0.09950324147939682
0.12523363530635834
0.0008051136392168701
0.9310619235038757
0.8997902870178223
0.8349880576133728
0.3886639177799225
0.9655578136444092
0.21932418644428253
0.1605903059244156
0.5162044167518616
0.810973048210144
0.6490384340286255
0.8307515978813171
0.9562848210334778
0.8510875105857849
0.9822617769241333
0.951481282711029
0.7985002994537354
0.99735426902771
0.657891035079956
0.20339824259281158
0.9836388826370239
0.02833029255270958
0.9403489828109741
0.43389981985092163
0.269469290971756
0.937828004360199
0.9906670451164246
0.003061368828639388
0.15327179431915283
0.09995704889297485
0.9339483976364136
0.34750738739967346
0.0021346299909055233
0.0036715969908982515
0.44688162207603455
0.09829367697238922
0.9783806204795837
0.9831562638282776
0.6184190511703491
0.9275173544883728
0.005690618418157101
0.29118582606315613
0.5621723532676697
0.8697451949119568
0.49357888102531433
0.30100807547569275
0.9509696364402771
0.9026422500610352
0.3175094425678253
0.005616277921944857
0.9352564811706543
0.21133708953857422
0.8311353921890259
0.6961141228675842
0.8096297383308411
0.6811062693595886
0.9156022071838379
0.6621218919754028
0.9860192537307739
0.9115164279937744
0.3655518889427185
0.1657377928495407
0.003763137385249138
0.9653168320655823
0.6028453707695007
0.45531919598579407
0.9234594702720642
0.4365695118904114
0.9909824728965759
0.6469100117683411
0.3676210641860962
0.5965234637260437
0.07993677258491516
0.9356611967086792
0.2423606663942337
0.04121297225356102
0.2469176948070526
0.7957479953765869
0.004804455209523439
0.35046645998954773
0.9557430148124695
0.9781531095504761
0.7239633202552795
0.7325925827026367
0.3649827837944031
0.02414350025355816
0.11659814417362213
0.972566545009613
0.004552769474685192
7.293288945220411e-05
0.32379475235939026
0.5622252225875854
0.6555289030075073
0.047306694090366364
0.02878950536251068
0.37602147459983826
0.4229266941547394
0.036476850509643555
0.9857715368270874
0.20998886227607727
0.9956674575805664
0.8988921642303467
0.7125571966171265
0.9257146716117859
0.9800961017608643
0.9355071187019348
0.003162938868626952
0.9321431517601013
0.1819024533033371
0.9621270895004272
0.21745897829532623
0.200043722987175
0.7004315853118896
1.72420604940271e-05
0.9581285715103149
0.9161722660064697
0.0014120995765551925
0.020488755777478218
0.6928239464759827
0.593595564365387
0.5187022089958191
0.954008162021637
0.9830687046051025
0.8416624665260315
0.5819367170333862
0.14150677621364594
0.9855172038078308
0.9377627968788147
0.4313099682331085
0.44906947016716003
0.1002919003367424
0.8774054050445557
0.8434538841247559
0.09835692495107651
0.22871361672878265
0.0014819123316556215
0.5007830858230591
0.41234859824180603
0.9888863563537598
0.06181420385837555
0.9677212238311768
0.2808459997177124
0.8876468539237976
0.6423399448394775
0.0048373849131166935
6.226673576747999e-05
0.9635438323020935
0.984886109828949
0.9258607625961304
0.942733883857727
0.8541601896286011
0.13138775527477264
0.8426744341850281
0.9304944276809692
0.8985695838928223
0.9826099276542664
0.0020537525415420532
0.8944514989852905
0.9940385818481445
0.4653216302394867
0.05259069427847862
0.7777552008628845
0.757347583770752
0.6507945656776428
0.9671955704689026
0.9709383249282837
0.987622857093811
0.9027432203292847
0.8926280736923218
0.9597004055976868
0.7610816359519958
0.9320971965789795
0.1284993439912796
0.5658347606658936
0.21644508838653564
0.9785493016242981
0.5503663420677185
0.9792382121086121
0.6574739813804626
0.5249256491661072
0.8844387531280518
0.9536861181259155
0.9008321166038513
0.8357351422309875
0.9873104095458984
0.0019720590207725763
0.932181179523468
0.8754804134368896
0.021842753514647484
0.7416704297065735
0.9084600806236267
0.9849706292152405
0.9512987732887268
0.8330553770065308
0.21242207288742065
0.971956193447113
0.9639512896537781
0.04434904456138611
0.06953844428062439
0.8280941843986511
0.7363728880882263
0.9932290315628052
0.7962779998779297
0.7489639520645142
0.2244327813386917
0.29913368821144104
0.12992647290229797
0.033924784511327744
0.7119966149330139
0.4376194477081299
0.8344380259513855
0.8666766285896301
0.9537373185157776
0.9952390193939209
0.027474895119667053
0.10896999388933182
0.023509332910180092
0.04764896258711815
0.90520840883255
0.8828801512718201
0.9078025817871094
0.26858577132225037
0.9292604923248291
0.9603663682937622
0.7124608755111694
0.00043529036338441074
0.7627471685409546
0.9631344079971313
0.9680088758468628
0.8884302377700806
0.4191497266292572
0.22474035620689392
0.14708168804645538
0.842861533164978
0.14530576765537262
0.017962584272027016
0.5291577577590942
0.7105175852775574
0.941345751285553
0.031357116997241974
0.38581013679504395
0.8100688457489014
0.48542970418930054
0.939202070236206
0.9881701469421387
0.9550274610519409
0.001099875196814537
0.9816438555717468
0.5386859178543091
0.23017698526382446
0.3442936837673187
0.35627296566963196
0.313907265663147
0.09330543875694275
0.8427816033363342
0.9165982007980347
0.5868032574653625
0.2965349853038788
0.030217589810490608
0.0011943095596507192
0.4292457103729248
0.18743525445461273
0.9911174774169922
0.852363109588623
0.5094766020774841
0.8805425763130188
0.9398025274276733
0.06521089375019073
0.11762642115354538
0.9573244452476501
0.8002330660820007
0.056206464767456055
0.9578559994697571
0.8253136873245239
0.7113721370697021
0.818285346031189
0.10048645734786987
0.0032810219563543797
0.9062475562095642
0.9860377907752991
0.9323567152023315
0.8699140548706055
0.014186128973960876
0.14373420178890228
0.890350878238678
0.026658888906240463
0.0031508146785199642
0.9651432037353516
0.9781635999679565
0.5496806502342224
0.014145216904580593
0.17173616588115692
0.036709949374198914
0.9746944308280945
0.923169732093811
0.05859577655792236
0.15145500004291534
0.804817259311676
0.5490936040878296
0.32201534509658813
0.03192205727100372
0.024538161233067513
0.4689869284629822
0.9808669686317444
0.8922296166419983
0.1606893241405487
0.8180830478668213
0.9689686894416809
0.30932873487472534
0.9771237969398499
0.0008433560142293572
0.14758366346359253
0.0026000782381743193
0.0017591981450095773
0.42991185188293457
0.9815554022789001
0.7383395433425903
0.18452537059783936
0.17170944809913635
0.8104461431503296
0.3932499289512634
0.7011808753013611
0.8081821799278259
0.8532949090003967
0.0009099551243707538
0.0019058036850765347
0.10581299662590027
0.18048276007175446
0.0014291199622675776
0.007066217251121998
0.9856614470481873
0.9862880706787109
0.8747427463531494
0.9621664881706238
0.7235859632492065
0.9777097702026367
0.0035292557440698147
0.8485394716262817
0.8804847598075867
0.9959503412246704
0.6678194403648376
0.8404711484909058
0.8015750646591187
0.8083043098449707
0.05443084239959717
0.9961100220680237
0.6141889095306396
0.43072474002838135
0.013636957854032516
0.37872764468193054
0.0012310129823163152
0.6003510355949402
0.3863736689090729
0.630549967288971
0.008679640479385853
0.14234857261180878
0.0704604983329773
0.855968177318573
0.009705162607133389
0.7552163600921631
0.802602231502533
0.01734703779220581
0.8665653467178345
0.7015672326087952
0.7750999331474304
0.25338971614837646
0.6167227029800415
0.08005405962467194
0.23902611434459686
0.27029329538345337
0.6604270339012146
0.9526058435440063
0.694584846496582
0.9647896885871887
0.9701509475708008
0.0007234114455059171
0.11381124705076218
0.0005295521696098149
0.6855704188346863
0.16109296679496765
0.26032379269599915
0.9719480872154236
0.7195442318916321
0.6799652576446533
0.991461992263794
0.01748528517782688
0.9482443928718567
0.8132612705230713
0.9410746097564697
0.8375158309936523
0.32111698389053345
0.42217203974723816
0.01734294183552265
0.9922536015510559
0.0031011118553578854
0.8313471078872681
0.9421380758285522
0.01547152642160654
0.6002500057220459
0.013131900690495968
0.5224971175193787
0.8657215237617493
0.8655605912208557
0.9899752736091614
0.6429164409637451
0.9636587500572205
0.1339031457901001
0.6359810829162598
0.7823495268821716
0.03586883470416069
0.9318932890892029
0.8424225449562073
0.014284062199294567
0.861206591129303
0.005224904045462608
0.051685672253370285
0.9477555155754089
0.0540335588157177
0.07767673581838608
0.9499515295028687
0.3479592502117157
0.7076576948165894
0.031797654926776886
0.00012264943507034332
0.2877372205257416
0.7769482135772705
0.26060229539871216
0.3505282998085022
0.02823522873222828
0.0007450921693816781
0.970201313495636
0.9150029420852661
0.9756036400794983
0.8451653718948364
0.0106563251465559
0.04209870472550392
0.9724411368370056
0.12167581170797348
0.025938376784324646
0.9939648509025574
0.010888421908020973
0.20741353929042816
0.7973474860191345
0.058683477342128754
0.20622079074382782
0.05834921449422836
0.9837515950202942
0.8298168182373047
0.797964334487915
0.3274531066417694
0.17563366889953613
0.8764349818229675
0.6182220578193665
0.9203817844390869
0.41048943996429443
0.26337409019470215
0.465878427028656
0.3600537180900574
0.3029394745826721
0.9278092384338379
0.18219555914402008
0.1518731564283371
0.761623203754425
0.1856868416070938
0.0004633039061445743
0.5514720678329468
0.0030023425351828337
0.0018627449171617627
0.7774448394775391
0.05161961540579796
0.00014749995898455381
0.0438072644174099
0.5600119233131409
0.8764044046401978
0.4451588988304138
0.5586133003234863
0.9827333688735962
0.12738879024982452
0.015493898652493954
0.39019206166267395
0.8734186291694641
0.9972056746482849
0.5276824235916138
0.009483647532761097
0.2278822958469391
0.9511480331420898
0.05952427163720131
0.6724015474319458
0.2444007843732834
0.29312509298324585
0.7422085404396057
0.057002387940883636
0.13061325252056122
0.6809057593345642
0.7498164772987366
0.3330456018447876
0.011130690574645996
0.05601760745048523
0.9590100646018982
0.7982409000396729
0.5045766830444336
0.7795149087905884
0.030791983008384705
0.21740639209747314
0.26008349657058716
0.7573195099830627
0.7693220973014832
0.009870834648609161
0.4243963956832886
0.5377916097640991
0.9848992824554443
0.7656064033508301
0.0038866158574819565
0.9828926920890808
0.9060019850730896
0.9786852598190308
0.6239897012710571
0.1305006742477417
0.953841507434845
0.11324889212846756
0.6191431879997253
0.05453253909945488
0.9893942475318909
0.8793638348579407
0.7132477760314941
0.986873209476471
0.552259087562561
0.3400115370750427
0.4668509364128113
0.978704571723938
0.9692689776420593
0.3847273886203766
0.001739334431476891
0.6932563185691833
0.3806379735469818
0.008567163720726967
0.9904698133468628
0.005524528678506613
0.0002333740412723273
0.08043943345546722
0.7051198482513428
0.19106732308864594
0.899908721446991
0.7213460803031921
0.8240599632263184
0.06995350122451782
0.9843047261238098
0.9293266534805298
0.9770990014076233
0.9808670878410339
0.842233419418335
0.6072123050689697
0.13962793350219727
0.8947712182998657
0.48496246337890625
0.09304806590080261
0.921195924282074
0.95951908826828
0.554685115814209
0.0053542377427220345
0.21253105998039246
0.6473970413208008
0.22572006285190582
0.2999795079231262
0.3702380657196045
0.014425497502088547
0.9900524020195007
0.9927524328231812
0.9564135074615479
0.8960230350494385
0.08609370142221451
0.22013454139232635
0.9877508878707886
0.8728036880493164
0.08004563301801682
0.802742063999176
0.6570594906806946
0.6807335615158081
0.6795470118522644
0.4648824632167816
0.13445112109184265
0.0009435612591914833
0.6838917136192322
0.8909526467323303
0.8296844959259033
0.8620272874832153
0.3408704400062561
0.2930567264556885
0.867962658405304
0.014295480214059353
0.026662006974220276
0.9896865487098694
0.9778599739074707
0.9919552206993103
0.9828881025314331
0.8690924644470215
0.9332067966461182
0.5744590759277344
0.968212902545929
0.6534215807914734
0.997217059135437
0.3233409821987152
0.8363288044929504
0.9530854225158691
0.9691490530967712
0.45948901772499084
0.9811711311340332
0.4573408365249634
0.7693479657173157
0.8749145269393921
0.9026842713356018
0.43450650572776794
0.00032290839590132236
0.7275738716125488
0.956532895565033
0.009763335809111595
0.28878283500671387
0.9316892027854919
0.7735778093338013
0.0025535672903060913
0.03243383392691612
0.0019632079638540745
0.007835885509848595
0.14259324967861176
0.9544610977172852
0.06384178251028061
0.7490577697753906
0.602755606174469
0.4966774582862854
0.9300373792648315
0.6863376498222351
0.14572270214557648
0.9871424436569214
0.9880656003952026
0.10102113336324692
0.7753856182098389
0.7975109815597534
0.14107415080070496
0.1094166561961174
0.08469114452600479
0.41689762473106384
0.9030896425247192
0.7748256325721741
0.9168248176574707
0.8469194173812866
0.015699367970228195
0.7418052554130554
0.5165503621101379
0.10633767396211624
0.12427979707717896
0.4478383958339691
0.9978577494621277
0.13005709648132324
0.6440709233283997
0.13690026104450226
0.017482778057456017
0.2989591658115387
0.9696151614189148
0.5312561392784119
0.0017468617297708988
0.8409419655799866
0.9886608123779297
0.9507036805152893
0.4601050615310669
0.02462436817586422
0.0023220276925712824
0.25157883763313293
0.9947876930236816
0.003018425777554512
0.3833201229572296
0.5540391802787781
0.9017773270606995
0.9171188473701477
0.799190878868103
0.9680477380752563
0.0154507951810956
0.36397212743759155
0.8895929455757141
0.18619568645954132
0.9618464112281799
0.7614389657974243
0.22729116678237915
0.9988222718238831
0.744234561920166
0.6656691431999207
0.8416430354118347
2.7939593749692904e-08
0.24594327807426453
0.6267020106315613
0.21504446864128113
0.2627680003643036
0.029076281934976578
0.10992882400751114
0.0873003676533699
0.930905282497406
0.917451024055481
0.9493914246559143
0.6668264269828796
0.6239382028579712
0.40088459849357605
0.9532623887062073
0.8939546942710876
0.7370219230651855
0.07103769481182098
0.9373480677604675
0.25649839639663696
0.008376353420317173
0.7616795301437378
0.7101254463195801
0.5521276593208313
0.43986988067626953
0.715576171875
0.09506689757108688
0.9721933007240295
0.10134820640087128
0.18783429265022278
0.023987051099538803
0.9490711092948914
0.8600835204124451
0.962734043598175
0.9707537293434143
0.45557206869125366
0.7699236869812012
0.7850514650344849
0.5196520090103149
0.9148547649383545
0.7229411005973816
0.7160702347755432
0.31672734022140503
0.7659751772880554
0.3716316521167755
0.7536448240280151
0.980414867401123
0.3794325292110443
0.21742847561836243
0.5712221264839172
0.7664771676063538
0.03999800607562065
0.6217144131660461
0.6871844530105591
0.22410626709461212
0.9934252500534058
1.0276235116180032e-05
0.2632734179496765
0.9975117444992065
0.01338628027588129
0.6159038543701172
0.40553733706474304
0.9856356382369995
0.8566499352455139
0.08955816179513931
0.7661182284355164
0.4683533310890198
0.029438631609082222
0.05625038966536522
0.8691605925559998
0.09725186973810196
0.9870932698249817
0.9639946222305298
0.9191009998321533
0.9092251658439636
0.9148645401000977
0.9815372228622437
0.020361941307783127
0.7971575260162354
0.7815614938735962
0.8630721569061279
0.15800635516643524
0.9953776597976685
0.7659493088722229
0.8737764954566956
0.48811376094818115
0.8944723606109619
0.7395085692405701
0.07435910403728485
0.9445862770080566
0.9562205076217651
0.6728253364562988
0.9565917253494263
0.9679268598556519
0.909002423286438
0.21955730020999908
0.24167118966579437
0.9556700587272644
0.5086327195167542
0.9374759793281555
0.9459196925163269
0.00025843773619271815
0.17441418766975403
0.5432594418525696
0.9447646737098694
0.8865618109703064
0.9139126539230347
0.10518866777420044
0.2500370144844055
0.0024801180697977543
0.7366178035736084
0.9435850381851196
0.3439265787601471
0.8680524230003357
0.38595277070999146
0.9931831955909729
0.9501074552536011
0.9724242687225342
0.571471095085144
0.7817679643630981
0.06049232929944992
0.6702082753181458
0.9728163480758667
0.9029048085212708
0.7972275018692017
0.5572484731674194
0.9510000944137573
0.2460704892873764
0.9904232025146484
0.6049867272377014
0.2705245316028595
0.0017484290292486548
0.03807938098907471
0.9650828242301941
0.1840224713087082
0.49600809812545776
0.69918292760849
0.022071432322263718
0.5756773352622986
0.8422728180885315
0.3546861410140991
0.45234110951423645
0.8769680261611938
0.16359290480613708
0.9155283570289612
0.9354547262191772
0.855265736579895
0.8853241205215454
0.7179310321807861
0.9589850902557373
0.9337015151977539
0.7813627123832703
0.9820302128791809
0.5421392321586609
0.00037505492218770087
0.8188766837120056
0.42717230319976807
0.16632606089115143
0.9796836376190186
0.3513101041316986
3.4893997508333996e-05
0.014371119439601898
0.7601712942123413
0.08697470277547836
0.6161468029022217
0.8505793213844299
0.9957761168479919
0.9643910527229309
0.8343024253845215
0.24448320269584656
0.015022020787000656
0.9681364297866821
0.9745211601257324
0.6026297211647034
0.9774214029312134
0.4837252199649811
0.7262759804725647
0.7983939051628113
0.0008583029266446829
0.9688242077827454
0.19770550727844238
0.9916887879371643
0.8499575853347778
0.4404982924461365
0.9420124888420105
0.9386279582977295
0.9495713114738464
0.593447744846344
0.9956536293029785
0.08673644810914993
0.16919872164726257
0.834471583366394
0.9354352355003357
0.6984204649925232
0.16888673603534698
0.40660572052001953
0.8787737488746643
0.7830095291137695
0.694473385810852
0.9659704566001892
0.9687255024909973
0.6717584133148193
0.9126344323158264
0.818695604801178
0.6753848195075989
0.9722674489021301
0.8092311024665833
0.029992569237947464
0.09258497506380081
0.9854550361633301
0.9940542578697205
0.5882923007011414
0.9838736653327942
0.1666911095380783
0.9315853118896484
0.6905506253242493
0.07156182080507278
0.0023479582741856575
0.9223052859306335
0.9846493601799011
0.8733689188957214
0.9942469596862793
0.9114260673522949
0.629353940486908
0.44435107707977295
0.027243902906775475
0.9490970969200134
0.9639410376548767
0.18580006062984467
0.9789130091667175
0.11065445840358734
0.9050875902175903
0.843848705291748
0.9385233521461487
0.944973349571228
0.921116292476654
0.03435041755437851
0.9186187982559204
0.002018722938373685
0.595348596572876
0.037695351988077164
0.1604211926460266
0.9685356020927429
0.9349389672279358
0.9391248822212219
0.3774924874305725
0.9863616228103638
0.995543897151947
0.1452512890100479
0.4669482707977295
0.40440303087234497
0.0066339410841465
2.1344118067645468e-05
0.0495237335562706
0.18480722606182098
0.04188964515924454
0.02468481846153736
6.519469025079161e-05
0.00010214836947852746
0.9876716136932373
0.9838744401931763
0.9918473958969116
0.7236865162849426
0.8234981298446655
0.7927361130714417
0.5710836052894592
0.6012454032897949
0.38734832406044006
0.07200281322002411
0.9966087341308594
0.9705369472503662
0.0005053264903835952
0.5900039672851562
0.001450325595214963
0.0024969286751002073
0.004789636004716158
0.4239351749420166
0.5099117755889893
0.14936813712120056
0.6153441667556763
0.159470796585083
0.22078831493854523
0.4781370162963867
0.9563060998916626
0.38067999482154846
8.21967187221162e-05
0.0005379545618779957
0.5289644002914429
0.04172826558351517
0.21837419271469116
0.683281421661377
0.18932348489761353
0.0069953505881130695
0.0014326355885714293
0.9818620085716248
0.9760830402374268
0.7224465012550354
0.8926947712898254
0.38930535316467285
0.052502527832984924
0.2223646342754364
0.9924486875534058
0.9939874410629272
0.9832058548927307
0.04207063838839531
0.17297454178333282
0.2796329855918884
0.2518421709537506
0.3179098963737488
0.856763482093811
0.10023434460163116
0.8023503422737122
0.09416848421096802
0.4611518681049347
0.19527624547481537
0.9949054718017578
0.9683026075363159
0.652107298374176
0.8495841026306152
0.7875381708145142
0.7266106605529785
0.007388049736618996
0.08180472254753113
0.2948012053966522
0.511626660823822
0.9845448732376099
0.991124153137207
0.48307985067367554
0.18786832690238953
0.9846674203872681
0.2221183329820633
0.05650385841727257
0.4965648949146271
0.6579605937004089
0.9759024977684021
0.016696380451321602
0.14417584240436554
0.924591600894928
0.10080136358737946
0.03353340923786163
0.530612051486969
0.8436298966407776
0.23981505632400513
0.8463500738143921
0.4784185588359833
0.11314751952886581
0.992028534412384
0.9891152381896973
0.8247309923171997
0.17293225228786469
0.9591498970985413
0.830140233039856
0.014109552837908268
0.836938202381134
0.9381226301193237
0.20040276646614075
0.7290770411491394
0.9839768409729004
0.9290111064910889
0.6334645748138428
0.8611599206924438
0.015235429629683495
0.22567391395568848
0.4801805317401886
0.4503772258758545
0.7000641226768494
0.803753674030304
0.3308033049106598
0.18767794966697693
0.6034117937088013
0.9861325025558472
0.169768288731575
0.011519822292029858
0.9025879502296448
0.31870514154434204
0.07338220626115799
0.35515785217285156
0.8822729587554932
0.9958869814872742
0.6299214363098145
0.014377416111528873
0.3373895585536957
0.9823172092437744
0.8719632029533386
0.5138822793960571
0.6441911458969116
0.9386422038078308
0.9936527013778687
0.8716593980789185
0.7872875332832336
0.06261532008647919
0.4352266490459442
0.01405952125787735
0.45460206270217896
0.0902031660079956
0.07036524266004562
0.9006052017211914
0.9307675957679749
0.9747616648674011
0.1848931610584259
0.5781977772712708
0.9081845283508301
0.814822793006897
0.8679566383361816
0.7490934133529663
0.8633331060409546
0.286048948764801
0.075839564204216
0.9910963773727417
0.4866901934146881
0.1377677619457245
0.9227847456932068
0.7513346076011658
0.06918993592262268
0.8245222568511963
0.2509782910346985
0.3998648524284363
0.9913032054901123
0.8905965089797974
0.9848708510398865
0.8549299836158752
0.06547076255083084
0.5637720823287964
0.15210436284542084
0.3369560241699219
0.974172055721283
0.9836493730545044
0.8672451972961426
0.9498066902160645
0.6063627004623413
9.626292012399063e-05
0.13408254086971283
0.733728289604187
0.9403982162475586
0.07850618660449982
0.9900606870651245
0.800230860710144
0.0010187174193561077
0.4685138165950775
0.9525074362754822
0.8944116234779358
0.8377286791801453
0.49119633436203003
0.8275448083877563
0.9808128476142883
0.9944707155227661
0.15606701374053955
0.8989272117614746
0.16319632530212402
0.6142107844352722
0.9390022158622742
0.6426261067390442
0.044767677783966064
0.1280527263879776
0.970276951789856
0.8368721604347229
0.993130624294281
0.014591880142688751
0.0002951844362542033
0.7577072978019714
0.5730241537094116
0.0015407747123390436
0.9648701548576355
0.3056233525276184
0.7507777810096741
0.04154302179813385
0.35704663395881653
0.9767358303070068
0.008946461603045464
0.0059496392495930195
0.9579413533210754
0.565424382686615
0.9258807301521301
0.9233676791191101
0.9867260456085205
0.9734105467796326
0.9316222667694092
0.6269347071647644
0.040814246982336044
0.10560131818056107
0.4309905171394348
0.05236019939184189
0.001159166218712926
0.46125102043151855
0.964722752571106
0.9069086909294128
0.9749037623405457
0.9846950173377991
0.6644622087478638
0.9776974320411682
0.008111350238323212
0.2829321026802063
0.6845721006393433
0.2016439139842987
0.8025760054588318
0.5565094351768494
0.9366340637207031
0.7776802182197571
0.9754527807235718
0.24195341765880585
0.5587576627731323
0.0020721566397696733
0.2713969647884369
0.984845757484436
0.8999738097190857
0.5810042023658752
0.03581732511520386
0.0003965015057474375
0.981261134147644
0.9892528653144836
0.6878979206085205
0.05510135740041733
0.9537800550460815
0.5047459602355957
0.5425419807434082
0.284121036529541
0.40681686997413635
0.9683700203895569
0.07590876519680023
0.2419278770685196
0.15800508856773376
0.23125062882900238
0.8539230823516846
0.14591631293296814
0.8092294931411743
0.030116252601146698
0.3190518617630005
0.6923621296882629
0.969319224357605
0.8175780773162842
0.8904237151145935
0.737250804901123
0.1497010588645935
0.9307879209518433
0.4648208022117615
0.4168396592140198
0.0011310024419799447
0.02301843650639057
0.9786807894706726
0.08145961165428162
0.11041808128356934
0.5180104374885559
0.9891125559806824
0.5816561579704285
0.825781524181366
0.6297569274902344
0.4766429364681244
0.10476315766572952
0.9441665410995483
0.0458560511469841
0.98235023021698
0.49869200587272644
0.5649934411048889
0.3477577269077301
0.6802075505256653
0.9008262753486633
0.6458951830863953
0.39468467235565186
0.840770959854126
0.7505812048912048
0.6355577111244202
0.0037280807737261057
0.004741514567285776
0.007984076626598835
0.9510111808776855
0.1999637484550476
0.027822397649288177
0.8412845134735107
0.988080620765686
0.933656632900238
0.9897779822349548
0.9417926073074341
0.45194900035858154
0.05931348353624344
0.9330287575721741
0.04105908423662186
0.6508452296257019
0.20223025977611542
0.9215490818023682
0.9518754482269287
0.0015124090714380145
0.3519521653652191
0.2247174233198166
0.8846635222434998
0.024913515895605087
0.8787392973899841
0.83355712890625
0.9334121942520142
0.02293212153017521
0.830975353717804
0.22132152318954468
0.052204638719558716
0.010884313844144344
0.9276987314224243
0.8562448620796204
0.479684978723526
0.012853270396590233
0.012683184817433357
0.9897764921188354
0.038288794457912445
0.7456103563308716
0.04403982311487198
0.46107932925224304
0.991818904876709
0.9727439284324646
0.9128267168998718
0.04122959449887276
0.014582915231585503
0.01090920902788639
0.0024001295678317547
0.0014597713015973568
0.8320878744125366
0.031010430306196213
0.40484941005706787
0.015938347205519676
0.014410143718123436
0.49840056896209717
0.6819036602973938
0.8754743337631226
0.9817206859588623
0.7444986701011658
0.21064141392707825
0.8944098353385925
0.09250856935977936
0.7368612289428711
0.8369263410568237
0.850771427154541
0.11648130416870117
0.9771931171417236
0.5893973112106323
0.969398558139801
0.8450466990470886
0.10632806271314621
0.804127037525177
0.9640483856201172
0.04221589118242264
0.08940773457288742
0.5261292457580566
0.9765497446060181
0.951444149017334
0.0133591890335083
0.6034001111984253
0.7826157212257385
0.9850459694862366
0.09835387766361237
0.26233094930648804
0.03949827328324318
0.0005921588744968176
0.1932409405708313
0.01174089778214693
0.633321225643158
0.04250239208340645
0.20390337705612183
0.9212086796760559
0.5128874778747559
0.7915439009666443
0.7157769203186035
0.8564845323562622
0.5024303197860718
0.0025528555270284414
0.3710246682167053
0.04371969774365425
0.9264650344848633
0.894811749458313
0.6498063802719116
0.05837835371494293
0.859008252620697
0.9087480902671814
6.493326054624049e-08
0.027378380298614502
0.023533513769507408
0.614189624786377
0.8970898985862732
0.6052122712135315
0.20345667004585266
0.09163640439510345
0.9470510482788086
0.9349449872970581
0.9463255405426025
0.26878833770751953
0.20547136664390564
0.027497658506035805
0.833516538143158
0.49833425879478455
0.1324227750301361
0.47544872760772705
0.13893349468708038
0.1411392241716385
0.00011033118062186986
0.4762532711029053
0.0972803384065628
0.8432207703590393
0.9777141809463501
0.8253467082977295
0.33501750230789185
0.7652156949043274
0.9856536984443665
0.007309397682547569
0.8424047827720642
0.8018672466278076
0.9407753944396973
0.5584429502487183
0.029213039204478264
0.6618083119392395
0.5925518274307251
0.9657884836196899
0.25023216009140015
0.288740336894989
0.0008830547449178994
0.1259104311466217
0.7931643724441528
0.9861053824424744
0.36118122935295105
0.013116746209561825
0.6344494223594666
0.07230032235383987
0.8360272645950317
0.9732009768486023
0.7061463594436646
0.030705152079463005
0.4858827292919159
0.5208446383476257
0.7164888381958008
0.18772797286510468
0.8869950175285339
0.36306503415107727
0.10739637166261673
0.1121811717748642
0.32703760266304016
0.6947136521339417
0.8971177339553833
0.6648022532463074
0.02714918740093708
0.9749627709388733
0.7035558223724365
0.001186276669614017
0.24876946210861206
0.7572225332260132
0.24314303696155548
0.0247568991035223
0.01048404909670353
0.8981618285179138
0.854076623916626
0.882139265537262
0.01096662413328886
0.18690568208694458
0.0012237506452947855
0.8862848281860352
0.9313535094261169
0.6059350371360779
0.03240511566400528
0.9191150069236755
0.8664160370826721
0.97627854347229
0.7041834592819214
0.5394325852394104
0.9406648278236389
0.4019773602485657
0.09588547050952911
0.40803152322769165
0.34359076619148254
0.9731854200363159
0.8334733247756958
0.7969287037849426
0.6536824107170105
0.31209608912467957
0.9950996041297913
0.031147673726081848
0.9689489603042603
0.09027363359928131
0.9446778297424316
0.7250864505767822
0.46371397376060486
0.059745147824287415
0.18364258110523224
0.9706756472587585
0.9704575538635254
0.9397887587547302
0.97630375623703
0.8278685212135315
0.003204179462045431
0.9954076409339905
0.0018743593245744705
2.0040485537720087e-07
0.3018219470977783
0.9340491890907288
0.51386559009552
0.00011528746836120263
0.08019977807998657
0.3005988895893097
0.6075783371925354
0.5311275720596313
0.9089433550834656
0.09341821074485779
0.22027258574962616
0.2413986474275589
0.8757773637771606
0.3401791453361511
0.004984159022569656
0.9077020287513733
0.9905565977096558
0.6174783110618591
0.8830915689468384
0.7650390267372131
0.03214751183986664
0.11265543103218079
0.18706196546554565
0.7696748971939087
0.9454165101051331
0.979667067527771
4.529693615040742e-05
0.6074787378311157
0.9922846555709839
0.002216343069449067
0.9704880714416504
0.01328394003212452
0.043335918337106705
0.9814514517784119
0.9753187298774719
0.983942449092865
0.5749452114105225
0.5656778216362
0.01616799086332321
0.09024716168642044
0.056542303413152695
0.7447389364242554
0.15762799978256226
0.20127002894878387
0.3327217698097229
0.6488041281700134
0.410319983959198
0.9676381349563599
0.5353267788887024
0.08000308275222778
0.5901585221290588
0.037426408380270004
0.9778850674629211
0.11833706498146057
0.4184802770614624
0.18716031312942505
0.7549633979797363
0.9631134271621704
0.9651942849159241
0.7506269812583923
0.6052247285842896
0.030006110668182373
0.9243975281715393
0.073280468583107
0.8938886523246765
0.14251002669334412
0.943060576915741
0.9945173859596252
0.714246392250061
0.022606736049056053
0.7663866877555847
0.9156673550605774
0.02434428595006466
0.09789888560771942
0.007087916135787964
0.22942130267620087
0.35880860686302185
0.629572331905365
0.9551795125007629
0.9100221395492554
0.7550890445709229
0.8177330493927002
0.4170777499675751
0.4312514364719391
0.07054499536752701
0.01621169038116932
0.1894696205854416
0.06620806455612183
0.003813948482275009
0.8673998117446899
0.6628898978233337
0.5098040699958801
0.8983321785926819
0.9768075942993164
0.9531455039978027
0.9948861002922058
0.9941678047180176
0.7557317614555359
0.9351943135261536
0.5528668761253357
0.7595285177230835
0.927508533000946
0.9801164865493774
0.6464581489562988
0.9930961728096008
0.3403947055339813
0.6043989062309265
0.8811131715774536
0.8950997591018677
0.7615749835968018
0.28940829634666443
0.4190693795681
0.904962420463562
0.5372284650802612
0.038269732147455215
0.6439844369888306
0.9186786413192749
0.01417027972638607
0.2352951169013977
0.04190097376704216
0.41046756505966187
0.9429123997688293
0.06646612286567688
0.9805088043212891
0.9257112145423889
0.5791599154472351
0.9802841544151306
0.13031335175037384
0.9642318487167358
0.12455394864082336
0.22149346768856049
0.9035739302635193
0.4621991217136383
0.9777001738548279
0.8109105229377747
0.053906816989183426
0.18990084528923035
0.9810608625411987
0.8852294087409973
0.9476094841957092
0.9782967567443848
0.34135013818740845
0.9675127267837524
0.07252740859985352
0.6031416654586792
0.9876573085784912
0.9757137298583984
0.8554579019546509
0.981770932674408
0.9142106771469116
0.838392972946167
0.05665764585137367
0.20439346134662628
0.6186479330062866
0.4525415003299713
0.9300165772438049
0.07832616567611694
0.9824010729789734
0.6640950441360474
0.015009777620434761
0.43708834052085876
0.33873251080513
0.7433659434318542
0.9892101883888245
0.9142135977745056
0.7224617004394531
0.08687562495470047
0.9954982995986938
0.8679013848304749
0.5555344223976135
0.7904422879219055
0.20271117985248566
0.021428370848298073
0.001481168670579791
0.0003947108634747565
0.05159366503357887
0.31291526556015015
0.9795458316802979
0.9186862707138062
0.9079561829566956
0.05635746195912361
0.42444005608558655
0.9907506108283997
0.35359808802604675
0.007244582287967205
0.08654867857694626
0.28175854682922363
0.2085617482662201
0.9768052101135254
0.9032099843025208
0.9290987849235535
0.03657858073711395
0.08158565312623978
0.8764068484306335
0.9887374639511108
0.9407768249511719
0.9700873494148254
0.9558635950088501
0.6173049211502075
0.9399056434631348
0.8772264719009399
0.8525921106338501
0.09572726488113403
0.5750520825386047
0.8271031975746155
0.03205689415335655
0.983725368976593
0.8895797729492188
0.9953976273536682
0.9938138723373413
0.45217880606651306
0.03408875688910484
0.003746164496988058
0.30406033992767334
0.1252671778202057
0.9867510199546814
0.18118445575237274
0.9897509217262268
0.02448922209441662
0.13938304781913757
0.00308546656742692
0.15756089985370636
0.050523318350315094
0.0022655560169368982
0.008446142077445984
0.8363659977912903
0.7165889143943787
0.9676815867424011
0.140812486410141
0.28781190514564514
0.9046308994293213
0.001286198734305799
0.9692056775093079
0.1648811399936676
0.28404709696769714
0.98093581199646
0.9020199775695801
0.031691424548625946
0.9575551152229309
0.10970117151737213
0.05401698499917984
0.7141937017440796
0.9492791295051575
0.7345947623252869
0.9668981432914734
0.9799045324325562
0.3606190085411072
0.5685259103775024
0.0015557160368189216
0.8037480711936951
0.001978337997570634
0.3755705952644348
0.8109411597251892
0.8511178493499756
0.9283066987991333
0.8508854508399963
0.9627813696861267
0.01607494428753853
0.10288865864276886
0.33313605189323425
0.9796285033226013
0.7801797986030579
0.8337255716323853
0.910975456237793
0.47067826986312866
0.9668280482292175
0.9877897500991821
0.9645359516143799
0.59047931432724
0.9745645523071289
0.8455053567886353
0.5648504495620728
0.9402949213981628
0.012401766143739223
0.6745722889900208
0.9576365351676941
0.8732576966285706
0.5099434852600098
0.0656338632106781
0.06410114467144012
0.3190937042236328
0.6252902746200562
0.97518390417099
0.9859715104103088
0.7264080047607422
0.00024760770611464977
0.7088791131973267
0.5180461406707764
0.5732118487358093
0.5692694187164307
0.9423975944519043
0.9819096326828003
0.9811018109321594
0.93072110414505
0.552419126033783
0.9534510374069214
0.7639361023902893
0.7304397225379944
0.7622557282447815
0.17203807830810547
0.9682096242904663
0.03036125935614109
0.03412602096796036
0.3293100893497467
0.7802699208259583
0.7150925993919373
0.45911744236946106
0.43737155199050903
0.9236910939216614
0.17226774990558624
0.9669641256332397
0.8792886734008789
0.7727938890457153
0.965423047542572
0.8894999623298645
0.08430081605911255
0.34058937430381775
0.6434897780418396
0.010252650827169418
0.0813937783241272
0.19698522984981537
0.7721898555755615
0.711718738079071
0.9672333598136902
0.005170072428882122
0.10464970022439957
0.0017650056397542357
0.015327188186347485
0.11801856011152267
0.8422372341156006
0.03632965683937073
0.5711910128593445
0.47514116764068604
0.9668789505958557
0.02322561852633953
0.9684138298034668
0.4154305160045624
0.20362485945224762
0.8284333348274231
0.9593163132667542
0.2211698591709137
0.9243111610412598
0.8281564116477966
0.991685688495636
0.3782331049442291
0.29059547185897827
0.0024635798763483763
0.978900671005249
0.8403864502906799
0.7480571866035461
0.8222951889038086
0.7235361933708191
0.8476699590682983
0.22957155108451843
0.0010199769167229533
0.35696837306022644
0.8685321807861328
0.5110858678817749
0.9204513430595398
0.8897766470909119
0.008975265547633171
0.023695018142461777
0.9799961447715759
0.8918983340263367
0.9951322674751282
0.04011204466223717
0.8961305022239685
0.03359323367476463
0.9877043962478638
0.3290923237800598
0.8203392028808594
0.8096891641616821
0.8863286375999451
0.10138043016195297
0.003755058627575636
0.0002193125692429021
0.11518774181604385
0.6609780788421631
0.13780605792999268
0.5928530693054199
0.9866089224815369
-1
-1
