0.9999994039535522
0.4964028000831604
0.3829881548881531
0.5084843635559082
0.33350372314453125
0.6799171566963196
0.511475145816803
0.5367543697357178
0.28008922934532166
0.5081388354301453
0.43964695930480957
0.5055518746376038
0.3698696494102478
0.36988040804862976
0.23495003581047058
0.3589232265949249
0.6873346567153931
0.4760918617248535
0.4766242206096649
0.4285486340522766
0.3547060489654541
0.5923664569854736
0.41789066791534424
0.3947562277317047
0.3957922160625458
0.5044373869895935
0.2576083242893219
0.8688991665840149
0.7954654693603516
0.38313212990760803
0.39975404739379883
0.35184356570243835
0.6375730037689209
0.5100533366203308
0.3930293619632721
0.38014328479766846
0.42897772789001465
0.49108266830444336
0.37541770935058594
0.3802827298641205
0.4684186279773712
0.3846476078033447
0.4167480170726776
0.4640860855579376
0.7306947708129883
0.8287728428840637
0.557374894618988
0.5539799332618713
0.509103000164032
0.5041965842247009
0.5766273140907288
0.2384023219347
0.5906837582588196
0.5420078635215759
0.6543377637863159
0.39820754528045654
0.4457543194293976
0.4559084475040436
0.6811292171478271
0.7204851508140564
0.6675386428833008
0.772062361240387
0.5018818974494934
0.43759334087371826
0.37595686316490173
0.5132342576980591
0.7907726168632507
0.5655321478843689
0.40828752517700195
0.4746043384075165
0.5375658273696899
0.4986652135848999
0.5699870586395264
0.4539228677749634
0.4244939982891083
0.44759082794189453
0.5867013931274414
0.5747964382171631
0.6559474468231201
0.6548498272895813
0.4134741723537445
0.6677481532096863
0.43913835287094116
0.7961942553520203
0.42910289764404297
0.4730053246021271
0.3651428818702698
0.42628610134124756
0.5434399843215942
0.4500807523727417
0.5077648758888245
0.4566337764263153
0.340970903635025
0.31442496180534363
0.6582627892494202
0.316618949174881
0.5343669652938843
0.5616043210029602
0.41103601455688477
0.6160159707069397
0.6813251376152039
0.6505339741706848
0.5567300915718079
0.5447371006011963
0.5907058715820312
0.5598092675209045
0.3095245063304901
0.27218249440193176
0.5329487919807434
0.6322779059410095
0.6179255247116089
0.7728112936019897
0.5611345767974854
0.48252418637275696
0.3498171865940094
0.5210817456245422
0.31258198618888855
0.47632676362991333
0.49610018730163574
0.49138012528419495
0.4251551032066345
0.5584783554077148
0.5302869081497192
0.7654563188552856
0.5333787798881531
0.2987581789493561
0.3473249673843384
0.4399016201496124
0.6019560098648071
0.3849736154079437
0.265042781829834
0.3082628548145294
0.24775588512420654
0.6538325548171997
0.36478206515312195
0.6389851570129395
0.3426048159599304
0.5909703969955444
0.7187693119049072
0.5573954582214355
0.7571009397506714
0.4194105565547943
0.46119600534439087
0.3657050132751465
0.35583412647247314
0.42274317145347595
0.43208038806915283
0.6271835565567017
0.5134470462799072
0.39862433075904846
0.4506796598434448
0.39772483706474304
0.3167998492717743
0.565273642539978
0.44502905011177063
0.4065120816230774
0.3737642168998718
0.8290613889694214
0.5748665928840637
0.5779795050621033
0.2628735899925232
0.7139533758163452
0.2888277769088745
0.528929591178894
0.5493448972702026
0.6882645487785339
0.5369744896888733
0.3634786605834961
0.41659635305404663
0.7009748816490173
0.6228817701339722
0.2960699498653412
0.4341817796230316
0.4405381679534912
0.5647509098052979
0.4461979568004608
0.610123872756958
0.5911672711372375
0.5883319973945618
0.28450435400009155
0.3864743113517761
0.4434233605861664
0.5640500783920288
0.6926284432411194
0.5491353273391724
0.6599518656730652
0.44115594029426575
0.7551648616790771
0.5753881335258484
0.48268818855285645
0.5210644006729126
0.5649284720420837
0.8590840101242065
0.5512281656265259
0.6174963116645813
0.335922509431839
0.4377513527870178
0.4681544303894043
0.5299646854400635
0.6084637641906738
0.6342217326164246
0.5712463855743408
0.3105199337005615
0.6285300850868225
0.5395340323448181
0.72672039270401
0.3682246804237366
0.6787915825843811
0.8300653696060181
0.3846226632595062
0.4546719491481781
0.416761577129364
0.43963533639907837
0.42273783683776855
0.5904125571250916
0.4886440634727478
0.7820313572883606
0.4701286554336548
0.3788202106952667
0.4657999873161316
0.6531642079353333
0.7696306705474854
0.47840529680252075
0.5238612294197083
0.3412131369113922
0.7003430724143982
0.7139964699745178
0.567945659160614
0.7040635347366333
0.5295234322547913
0.4345720410346985
0.7811216115951538
0.42556655406951904
0.41802293062210083
0.4536266326904297
0.649067759513855
0.6230257153511047
0.48139718174934387
0.46359583735466003
0.760748565196991
0.25001493096351624
0.446796178817749
0.5981575846672058
0.7003316879272461
0.5253865122795105
0.4985146224498749
0.5488995313644409
0.4406789541244507
0.5998207926750183
0.44168949127197266
0.34565919637680054
0.5251909494400024
0.6292343139648438
0.44451993703842163
0.39988797903060913
0.5765429139137268
0.3792839050292969
0.8997712135314941
0.6809563636779785
0.5348648428916931
0.5913909673690796
0.709904670715332
0.47078949213027954
0.5981127619743347
0.6229103803634644
0.4744948148727417
0.7623140811920166
0.7344003319740295
0.4772147834300995
0.4027237296104431
0.4694522023200989
0.7137320637702942
0.4331975281238556
0.3816443681716919
0.3032522201538086
0.397381454706192
0.43622079491615295
0.7167086005210876
0.6500731110572815
0.6897255778312683
0.8041605949401855
0.4579879641532898
0.4969324767589569
0.4390847980976105
0.7930643558502197
0.42733728885650635
0.4770311117172241
0.29915791749954224
0.5559229850769043
0.38786861300468445
0.5573408007621765
0.40730786323547363
0.7209169864654541
0.6459429860115051
0.49079564213752747
0.5445958971977234
0.5273720026016235
0.6561508178710938
0.525999903678894
0.5158608555793762
0.4120716452598572
0.5664911270141602
0.5756292939186096
0.2699127495288849
0.3757568597793579
0.519987940788269
0.4150417447090149
0.3921821713447571
0.4487159252166748
0.5240849852561951
0.356092244386673
0.48382583260536194
0.2800217866897583
0.454870343208313
0.6250267028808594
0.683424711227417
0.5665386915206909
0.40623074769973755
0.36724716424942017
0.3513183891773224
0.31455472111701965
0.34712690114974976
0.7805091738700867
0.6288310885429382
0.5907066464424133
0.42966821789741516
0.5828286409378052
0.5629048943519592
0.5799196362495422
0.3410043716430664
0.6856328845024109
0.8481048941612244
0.46157386898994446
0.46532508730888367
0.38966506719589233
0.4349014163017273
0.6787698268890381
0.4677167236804962
0.6175732016563416
0.7838997840881348
0.30136606097221375
0.33797183632850647
0.4945211112499237
0.358256459236145
0.5822771787643433
0.38778871297836304
0.5778591632843018
0.2860514521598816
0.7506394386291504
0.6772510409355164
0.35915717482566833
0.6611289381980896
0.29626497626304626
0.6009873747825623
0.6057069897651672
0.6616710424423218
0.5954673290252686
0.5325118899345398
0.2833046019077301
0.7097781300544739
0.7436328530311584
0.5941426753997803
0.6030240654945374
0.44692572951316833
0.6012296080589294
0.5205772519111633
0.6109830141067505
0.7457938194274902
0.4653222858905792
0.43594878911972046
0.4884592294692993
0.38800540566444397
0.5100110769271851
0.745495080947876
0.6516300439834595
0.7237184047698975
0.43336156010627747
0.4395318925380707
0.4556465744972229
0.4017919898033142
0.3622068166732788
0.35343295335769653
0.4377880096435547
0.7920375466346741
0.532066285610199
0.6036637425422668
0.45135873556137085
0.41472965478897095
0.5171669125556946
0.6033429503440857
0.5857217907905579
0.6046344041824341
0.6484875082969666
0.48405447602272034
0.45753389596939087
0.5199453830718994
0.29575252532958984
0.47862693667411804
0.5472381114959717
0.327686607837677
0.5284311175346375
0.33303043246269226
0.44820740818977356
0.43082693219184875
0.5556215643882751
0.32163649797439575
0.4314318597316742
0.3886551856994629
0.6953258514404297
0.6351737380027771
0.45962902903556824
0.6939922571182251
0.604254424571991
0.6194107532501221
0.44948485493659973
0.3116433918476105
0.5613078474998474
0.5683060884475708
0.2990857660770416
0.7010983228683472
0.5184643864631653
0.28583744168281555
0.6447417736053467
0.6957235336303711
0.5208843350410461
0.6183149218559265
0.3406105041503906
0.5082264542579651
0.30343636870384216
0.43709439039230347
0.4879211485385895
0.5519958138465881
0.5492653250694275
0.6129254698753357
0.4052125811576843
0.26363086700439453
0.4787852466106415
0.5203139185905457
0.38961970806121826
0.5634469985961914
0.6676115989685059
0.6738778948783875
0.4924497902393341
0.6647012233734131
0.5942257046699524
0.5427364110946655
0.3077896237373352
0.5748006701469421
0.7095077633857727
0.45276132225990295
0.38118278980255127
0.6945065259933472
0.7456033825874329
0.6835606098175049
0.46017301082611084
0.448710560798645
0.5677696466445923
0.6176131963729858
0.4443516433238983
0.5071618556976318
0.7149237394332886
0.8596833348274231
0.3809899687767029
0.3935377895832062
0.652113676071167
0.5167990922927856
0.8824001550674438
0.4891100823879242
0.4399614930152893
0.4314288794994354
0.7297521829605103
0.44368892908096313
0.6255112886428833
0.35221508145332336
0.39956459403038025
0.3832598030567169
0.1775815486907959
0.4709359109401703
0.47717463970184326
0.5648632049560547
0.3485906422138214
0.4198612868785858
0.6006609797477722
0.45423653721809387
0.35579589009284973
0.63652104139328
0.33903947472572327
0.49443551898002625
0.7567213177680969
0.5046432018280029
0.6222964525222778
0.4326377213001251
0.7437893748283386
0.3724197745323181
0.45104771852493286
0.4202583432197571
0.34525737166404724
0.5024062395095825
0.2660726308822632
0.501494824886322
0.45052289962768555
0.4057242274284363
0.4356168508529663
0.2717532217502594
0.4804550111293793
0.3848724663257599
0.7957997918128967
0.24267889559268951
0.6240447759628296
0.5820721387863159
0.45462527871131897
0.6516795754432678
0.762259840965271
0.35086390376091003
0.44810590147972107
0.4924160838127136
0.5471685528755188
0.4665374457836151
0.5264222621917725
0.47634053230285645
0.4853511154651642
0.7226907014846802
0.6128287315368652
0.8133417367935181
0.5692428350448608
0.31185266375541687
0.43057090044021606
0.3464544713497162
0.6834368109703064
0.33130818605422974
0.35033175349235535
0.4885249733924866
0.7087967991828918
0.7011231780052185
0.5678490400314331
0.6313289999961853
0.5378366112709045
0.6396953463554382
0.7295102477073669
0.4893985390663147
0.5183625817298889
0.6913931369781494
0.5162626504898071
0.6670517325401306
0.452968031167984
0.39053505659103394
0.7577728629112244
0.5871107578277588
0.5743582248687744
0.5486215353012085
0.5519861578941345
0.4198857247829437
0.5795793533325195
0.3493547737598419
0.5741562247276306
0.8389469981193542
0.558300256729126
0.6319684386253357
0.49744895100593567
0.6785351634025574
0.233265221118927
0.29838600754737854
0.5218435525894165
0.6907138228416443
0.23140789568424225
0.5129770040512085
0.7018611431121826
0.5781847834587097
0.703914999961853
0.44733965396881104
0.47697222232818604
0.6088209748268127
0.7008212208747864
0.6368827819824219
0.5364652872085571
0.4586530923843384
0.34169599413871765
0.6574772000312805
0.7591056823730469
0.35615217685699463
0.5450324416160583
0.6278441548347473
0.3990923762321472
0.42060333490371704
0.8764963150024414
0.5085782408714294
0.3377036154270172
0.6906540989875793
0.6738768219947815
0.5571901798248291
0.28927621245384216
0.297290176153183
0.4949128329753876
0.5671138763427734
0.41269659996032715
0.6232000589370728
0.7777041792869568
0.6402086019515991
0.42279815673828125
0.23278240859508514
0.49537625908851624
0.3993366062641144
0.45349568128585815
0.6083583831787109
0.4609885811805725
0.4077517092227936
0.3582294285297394
0.4419410526752472
0.3697066009044647
0.5234179496765137
0.5685510039329529
0.5328447818756104
0.3297075033187866
0.334502637386322
0.43043258786201477
0.1993074268102646
0.6408485174179077
0.7465944886207581
0.32178622484207153
0.5615785717964172
0.35621774196624756
0.6158187389373779
0.5594998598098755
0.43009287118911743
0.364607036113739
0.3603128492832184
0.46688079833984375
0.5236126184463501
0.45494839549064636
0.6196052432060242
0.6048752665519714
0.6833419799804688
0.684333086013794
0.7753786444664001
0.5011016726493835
0.5160439014434814
0.6988171935081482
0.46147218346595764
0.5585387349128723
0.31321650743484497
0.3214520215988159
0.6474683880805969
0.47732147574424744
0.21576115489006042
0.5211103558540344
0.5095016360282898
0.5802303552627563
0.6337536573410034
0.6658362150192261
0.5461958646774292
0.5933255553245544
0.22020213305950165
0.36386650800704956
0.2680705487728119
0.3485937714576721
0.49286916851997375
0.659228503704071
0.48292866349220276
0.26777899265289307
0.46419718861579895
0.6250584721565247
0.5822126865386963
0.7951892614364624
0.8474640250205994
0.6756362318992615
0.5767791867256165
0.4049164354801178
0.7199928760528564
0.5838912725448608
0.42457351088523865
0.3717658221721649
0.35795196890830994
0.5460805892944336
0.32478848099708557
0.6653965711593628
0.6939500570297241
0.7034282088279724
0.6670288443565369
0.3334091007709503
0.33793890476226807
0.7089905738830566
0.5816317796707153
0.5584503412246704
0.6143094897270203
0.3516179621219635
0.36026492714881897
0.7285346984863281
0.492727667093277
0.6675447821617126
0.4077279269695282
0.4600967764854431
0.7030909061431885
0.811148464679718
0.9048301577568054
0.6515148282051086
0.40313684940338135
0.5991089344024658
0.6462889909744263
0.3958292603492737
0.5207399129867554
0.38046425580978394
0.4916929304599762
0.47332680225372314
0.4935697615146637
0.24107059836387634
0.5330408215522766
0.7803752422332764
0.7117851376533508
0.43862611055374146
0.6054062247276306
0.572674036026001
0.4237951636314392
0.5878319144248962
0.3139760196208954
0.5807470679283142
0.35417914390563965
0.8050505518913269
0.5775644183158875
0.733367383480072
0.5180270075798035
0.49908751249313354
0.5998948216438293
0.7414665818214417
0.30887433886528015
0.5944042801856995
0.4994945824146271
0.6221643686294556
0.47794684767723083
0.6623695492744446
0.4702798128128052
0.6174286007881165
0.6830058097839355
0.25142702460289
0.8353685140609741
0.5840805768966675
0.5265823602676392
0.4882522523403168
0.7497793436050415
0.336730420589447
0.5111944675445557
0.6659126877784729
0.7971495389938354
0.5082840919494629
0.5738620162010193
0.5039418339729309
0.4014303982257843
0.4973914325237274
0.5382080078125
0.35682448744773865
0.4144609868526459
0.4494263529777527
0.3390224575996399
0.38854193687438965
0.315913587808609
0.5059654712677002
0.4214198887348175
0.6322948932647705
0.5485121607780457
0.5812402367591858
0.5444821715354919
0.5430836081504822
0.5708611011505127
0.49477100372314453
0.38504210114479065
0.47264397144317627
0.6551725268363953
0.5914326310157776
0.6340647339820862
0.5941894054412842
0.7650094628334045
0.37999066710472107
0.44195616245269775
0.32435065507888794
0.49345138669013977
0.413228839635849
0.4782140851020813
0.8597536087036133
0.4641863703727722
0.5525330305099487
0.7147166132926941
0.2625032067298889
0.7529681324958801
0.3677099943161011
0.4550948441028595
0.38306862115859985
0.517321765422821
0.2858191430568695
0.7330257296562195
0.697011411190033
0.5117412209510803
0.5642603039741516
0.2562747299671173
0.5558078289031982
0.22884716093540192
0.5160834789276123
0.5498576760292053
0.5102965831756592
0.7250642776489258
0.3048720061779022
0.3854962885379791
0.6123716831207275
0.5894408226013184
0.8236545920372009
0.3836878836154938
0.2551409900188446
0.5777980089187622
0.48766300082206726
0.4218789339065552
0.36571842432022095
0.3425440490245819
0.39863523840904236
0.17429611086845398
0.29567447304725647
0.661152184009552
0.7204245328903198
0.29463228583335876
0.5720226764678955
0.6101275086402893
0.7093496322631836
0.38915473222732544
0.5201539397239685
0.47648316621780396
0.5723344087600708
0.263001948595047
0.5015246868133545
0.4314846396446228
0.5628486275672913
0.6604719161987305
0.5319339036941528
0.3475414216518402
0.6447844505310059
0.5352185368537903
0.4339289963245392
0.6459351778030396
0.46724629402160645
0.3838497996330261
0.3359154164791107
0.5593958497047424
0.6871833205223083
0.5768886208534241
0.5811180472373962
0.7003526091575623
0.6237872242927551
0.27904850244522095
0.3058581054210663
0.3743743896484375
0.3208165764808655
0.4104597270488739
0.7015805244445801
0.3639349341392517
0.42237362265586853
0.46244537830352783
0.6199648976325989
0.7266466617584229
0.4665963351726532
0.6246137619018555
0.8014108538627625
0.7615736722946167
0.5088889002799988
0.39779937267303467
0.5420030355453491
0.38832777738571167
0.34461501240730286
0.52248615026474
0.5797252655029297
0.34011539816856384
0.2589642405509949
0.4079367518424988
0.624773383140564
0.5849440693855286
0.6620969772338867
0.5284003019332886
0.6801085472106934
0.4920644760131836
0.6780884265899658
0.4500294029712677
0.5396817326545715
0.649341344833374
0.5581795573234558
0.3463696837425232
0.49114784598350525
0.6939616203308105
0.4351530075073242
0.3813480734825134
0.6308740377426147
0.6144096851348877
0.34234553575515747
0.32051700353622437
0.6491786241531372
0.4251399040222168
0.7923088669776917
0.3831362724304199
0.7295952439308167
0.23521298170089722
0.4230650067329407
0.3548312783241272
0.7338406443595886
0.7991756796836853
0.5179340243339539
0.5922559499740601
0.5569713115692139
0.5346181392669678
0.5617325901985168
0.5388941764831543
0.6249435544013977
0.5644776225090027
0.5518498420715332
0.3081616163253784
0.5136233568191528
0.43316078186035156
0.3799673616886139
0.4138225018978119
0.42343541979789734
0.3255990147590637
0.5909810066223145
0.5493909120559692
0.5950950980186462
0.4995928704738617
0.4710255563259125
0.7551406621932983
0.30642643570899963
0.5705492496490479
0.6363231539726257
0.371881365776062
0.44025057554244995
0.5543994903564453
0.5766640901565552
0.3989201486110687
0.3326118588447571
0.7299663424491882
0.5840668082237244
0.5439666509628296
0.45445340871810913
0.49638280272483826
0.5216760039329529
0.41472601890563965
0.5289728045463562
0.6762427687644958
0.6904779672622681
0.3005831241607666
0.27395495772361755
0.48228469491004944
0.5648138523101807
0.5541990399360657
0.4954071044921875
0.5604345798492432
0.4419560134410858
0.35898664593696594
0.46848171949386597
0.35493040084838867
0.32106316089630127
0.4198424518108368
0.34370657801628113
0.7002573609352112
0.7312754392623901
0.5144271850585938
0.5198147296905518
0.5517096519470215
0.4379101097583771
0.6661974787712097
0.6795059442520142
0.5283517837524414
0.40278610587120056
0.5881377458572388
0.5953245759010315
0.504097580909729
0.3662768602371216
0.6242504715919495
0.7816193103790283
0.817682683467865
0.31001636385917664
0.4210342466831207
0.3717876970767975
0.5060518980026245
0.44069620966911316
0.2937832176685333
0.5343669056892395
0.5407804250717163
0.23723119497299194
0.34239327907562256
0.6917743682861328
0.4673498570919037
0.4927635192871094
0.4383963644504547
0.5345938801765442
0.6083900928497314
0.39333009719848633
0.7745848894119263
0.47113126516342163
0.42078009247779846
0.4583595097064972
0.7471321225166321
0.579913854598999
0.27361053228378296
0.31391358375549316
0.30479809641838074
0.6271568536758423
0.738530695438385
0.2901233732700348
0.6992606520652771
0.3727969527244568
0.4522363841533661
0.428266704082489
0.36882147192955017
0.3920949697494507
0.6673786044120789
0.3699783980846405
0.34392741322517395
0.38034528493881226
0.5259915590286255
0.6592654585838318
0.35256427526474
0.5275046825408936
0.5215596556663513
0.285194993019104
0.45947086811065674
0.354401171207428
0.3192504346370697
0.5269984602928162
0.5527378916740417
0.5972309708595276
0.42855510115623474
0.6423226594924927
0.4683557152748108
0.3782362639904022
0.44709277153015137
0.4225538671016693
0.3079310655593872
0.4706225097179413
0.8240078091621399
0.37686553597450256
0.4126427173614502
0.4420914053916931
0.5089871883392334
0.6771091818809509
0.37732750177383423
0.6053245067596436
0.2955125868320465
0.8055940866470337
0.32146549224853516
0.5095527172088623
0.37647154927253723
0.4072827398777008
0.5901431441307068
0.6053484678268433
0.4653206467628479
0.7179473042488098
0.3734191358089447
0.5901778936386108
0.7686764001846313
0.5771093964576721
0.40442970395088196
0.38617298007011414
0.4499772787094116
0.39236658811569214
0.3605760335922241
0.5474071502685547
0.6176213622093201
0.7044659852981567
0.3742489814758301
0.3657437562942505
0.42076733708381653
0.5966426134109497
0.4362354278564453
0.6675892472267151
0.3149518072605133
0.5119596719741821
0.3306996524333954
0.502500057220459
0.6076012849807739
0.49139153957366943
0.7052338123321533
0.4104679822921753
0.656798243522644
0.6285468339920044
0.7966778874397278
0.48545557260513306
0.44506123661994934
0.5539564490318298
0.30865857005119324
0.38791581988334656
0.3801577091217041
0.5271568894386292
0.2739812731742859
0.29591113328933716
0.4160565435886383
0.5852465629577637
0.7427834272384644
0.5868346691131592
0.5181505084037781
0.31302788853645325
0.566925048828125
0.7131121158599854
0.643345057964325
0.44537585973739624
0.48369544744491577
0.5192164778709412
0.3172335922718048
0.3317771852016449
0.7167571187019348
0.521571934223175
0.33346349000930786
0.5544491410255432
0.4520595073699951
0.6451100707054138
0.5174249410629272
0.5383478403091431
0.5415196418762207
0.631022572517395
0.5945737361907959
0.5947257280349731
0.8013739585876465
0.6139524579048157
0.6615108847618103
0.5167098045349121
0.5798690915107727
0.4590841829776764
0.48275676369667053
0.29969239234924316
0.6312705874443054
0.3504660725593567
0.5551881790161133
0.4630642831325531
0.7877986431121826
0.6483216285705566
0.44782382249832153
0.27196207642555237
0.2640646696090698
0.3606606721878052
0.42562180757522583
0.32294732332229614
0.5787379145622253
0.4274292290210724
0.48110148310661316
0.5135254859924316
0.6839917302131653
0.5407848954200745
0.6915643811225891
0.47930359840393066
0.4582221806049347
0.3571902811527252
0.5659560561180115
0.6551743745803833
0.4104291796684265
0.476156085729599
0.5324579477310181
0.664141833782196
0.4428238570690155
0.4202696979045868
0.5797487497329712
0.4534483850002289
0.7092331051826477
0.462986022233963
0.45920026302337646
0.47564974427223206
0.3783930540084839
0.7421798706054688
0.5133852362632751
0.5083141922950745
0.22337359189987183
0.43677523732185364
0.5238298177719116
0.6480408310890198
0.7023077011108398
0.6933267712593079
0.44096916913986206
0.3277866542339325
0.4934498071670532
0.3266412615776062
0.5223921537399292
0.5428603291511536
0.47833189368247986
0.6064969301223755
0.45426782965660095
0.6532745957374573
0.5633923411369324
0.40219104290008545
0.5175352692604065
0.6193017363548279
0.39997923374176025
0.32272592186927795
0.31580254435539246
0.5384615659713745
0.5377122759819031
0.3517736792564392
0.582300066947937
0.4427925646305084
0.5451595783233643
0.3876935541629791
0.48583412170410156
0.5973332524299622
0.4085610806941986
0.3377523720264435
0.5091294050216675
0.38039496541023254
0.5709403157234192
0.5747489333152771
0.23144207894802094
0.2655414342880249
0.45810437202453613
0.53336501121521
0.35984668135643005
0.6830586791038513
0.49404028058052063
0.2708571255207062
0.4647867679595947
0.3301956057548523
0.5339910387992859
0.4014407992362976
0.40338820219039917
0.5844035148620605
0.6104820370674133
0.388459712266922
0.3294401466846466
0.3563123345375061
0.8228948712348938
0.4859725832939148
0.5323430895805359
0.5817101001739502
0.47973382472991943
0.6760541796684265
0.5346410274505615
0.46100056171417236
0.5866154432296753
0.6479817628860474
0.6581259965896606
0.5616209506988525
0.41120949387550354
0.44347214698791504
0.6920203566551208
0.7892444133758545
0.43853843212127686
0.7234812378883362
0.2735457420349121
0.26039233803749084
0.36553239822387695
0.3483492434024811
0.3788776695728302
0.5198761224746704
0.4545072317123413
0.6098504662513733
0.4069821834564209
0.7719247341156006
0.5927677750587463
0.37707775831222534
0.7844936847686768
0.443087637424469
0.6557243466377258
0.5843487977981567
0.35632893443107605
0.4312860369682312
0.477276086807251
0.41717085242271423
0.45609548687934875
0.5784439444541931
0.626364529132843
0.4716324210166931
0.40527185797691345
0.5295706987380981
0.7590044140815735
0.2750818729400635
0.6602906584739685
0.403635710477829
0.514641284942627
0.491197794675827
0.6122546792030334
0.29803550243377686
0.6050707697868347
0.6650782823562622
0.6618815660476685
0.5432078838348389
0.43016818165779114
0.4763537645339966
0.3250270485877991
0.5955713987350464
0.43760815262794495
0.5825956463813782
0.4179902970790863
0.4763024151325226
0.2966955304145813
0.4579712450504303
0.7826014757156372
0.5466247200965881
0.38757431507110596
0.2768460512161255
0.4545394778251648
0.5367916226387024
0.43456369638442993
0.5365445613861084
0.39695125818252563
0.596169114112854
0.42391911149024963
0.7703333497047424
0.49400195479393005
0.3196141719818115
0.829116940498352
0.34447962045669556
0.6927058696746826
0.5958653092384338
0.4566895663738251
0.4110352098941803
0.5406451225280762
0.32423722743988037
0.41361409425735474
0.37776580452919006
0.25234663486480713
0.4081902503967285
0.7310651540756226
0.48900505900382996
0.29119253158569336
0.485157310962677
0.6225030422210693
0.40832218527793884
0.4903019070625305
0.34227317571640015
0.3835424780845642
0.4379241168498993
0.6903160810470581
0.555590808391571
0.5862786173820496
0.5670920014381409
0.47405967116355896
0.4567553699016571
0.32539987564086914
0.35310158133506775
0.6162015199661255
0.6457046270370483
0.5310640335083008
0.5642993450164795
0.47082364559173584
0.4929262101650238
0.7401130199432373
0.5264036059379578
0.37619394063949585
0.4991644322872162
0.25700053572654724
0.7926899790763855
0.6312749981880188
0.3721108138561249
0.6834229230880737
0.5770643949508667
0.37711864709854126
0.8139982223510742
0.38661786913871765
0.7537044882774353
0.5836083292961121
0.254078209400177
0.5264914035797119
0.3463103473186493
0.5673262476921082
0.32299530506134033
0.5560774207115173
0.5908891558647156
0.5950943231582642
0.4538923501968384
0.5309611558914185
0.6096816062927246
0.39997732639312744
0.5118989944458008
0.44789940118789673
0.4252087473869324
0.5105312466621399
0.6163654327392578
0.4635586738586426
0.7052330374717712
0.5822520852088928
0.43192601203918457
0.7288423180580139
0.5452315807342529
0.4066843092441559
0.32012939453125
0.4919975697994232
0.3508567214012146
0.4169389009475708
0.6633023023605347
0.29838505387306213
0.6882307529449463
0.2920319736003876
0.5002420544624329
0.5638723969459534
0.3820696473121643
0.7057655453681946
0.46083876490592957
0.6118864417076111
0.6231644153594971
0.5850275158882141
0.7257091403007507
0.3711520731449127
0.4428979456424713
0.6080053448677063
0.6073442101478577
0.39196133613586426
0.6779701709747314
0.36149996519088745
0.41978713870048523
0.790795087814331
0.6406626105308533
0.5635950565338135
0.5949479937553406
0.6282139420509338
0.7232893109321594
0.6526654362678528
0.48441219329833984
0.4267108738422394
0.43082717061042786
0.49750977754592896
0.5236951112747192
0.4981168210506439
0.4445112347602844
0.4888138771057129
0.6219131350517273
0.6986117362976074
0.3942953944206238
0.677631139755249
0.5118640065193176
0.3417908549308777
0.27766114473342896
0.42335158586502075
0.6551783084869385
0.4719363749027252
0.6123742461204529
0.4417635500431061
0.6396437287330627
0.5307891368865967
0.6327520608901978
0.7437509298324585
0.5250579118728638
0.5784352421760559
0.5554700493812561
0.29167500138282776
0.5595961809158325
0.5795977115631104
0.7365933656692505
0.5175772905349731
0.3521764874458313
0.7655988931655884
0.44817888736724854
0.47908544540405273
0.4033167064189911
0.4763449430465698
0.5134036540985107
0.5423805713653564
0.523521363735199
0.3312411308288574
0.30908671021461487
0.6576130986213684
0.7290140390396118
0.3713930547237396
0.4016781151294708
0.40256544947624207
0.6770669221878052
0.5914157032966614
0.6536391973495483
0.45138615369796753
0.3306281864643097
0.5909083485603333
0.47701719403266907
0.5731924772262573
0.4562404751777649
0.43504858016967773
0.4295267164707184
0.5857346057891846
0.42397066950798035
0.6611873507499695
0.4251173436641693
0.32388508319854736
0.4270196557044983
0.7302972078323364
0.426148384809494
0.6309718489646912
0.35716357827186584
0.253153920173645
0.5021325349807739
0.2543559968471527
0.5411333441734314
0.5887877941131592
0.3374861180782318
0.445239394903183
0.25211402773857117
0.33933353424072266
0.385453999042511
0.5000646710395813
0.44120877981185913
0.38175061345100403
0.41671285033226013
0.29084548354148865
0.38937386870384216
0.49148207902908325
0.6113733053207397
0.31917455792427063
0.4025065302848816
0.6148276925086975
0.5364309549331665
0.3276900053024292
0.3067534565925598
0.5834321975708008
0.6614320278167725
0.7708331346511841
0.3803907036781311
0.7373250722885132
0.5362507700920105
0.4466441869735718
0.7378871440887451
0.6872588992118835
0.3235566020011902
0.32056671380996704
0.4126727283000946
0.5752132534980774
0.4938305914402008
0.563492476940155
0.3724105656147003
0.46361997723579407
0.6017686128616333
0.5189247131347656
0.3460823893547058
0.7327967882156372
0.49764686822891235
0.5874137878417969
0.4603545069694519
0.3724217116832733
0.6680300831794739
0.4080196022987366
0.5890029072761536
0.532283365726471
0.6998818516731262
0.3409459590911865
0.6173790693283081
0.4172891676425934
0.6683533787727356
0.46539992094039917
0.4585338532924652
0.35793134570121765
0.25361597537994385
0.40632519125938416
0.45580703020095825
0.5480132102966309
0.5483205318450928
0.4108383059501648
0.44153743982315063
0.3668229281902313
0.5060322880744934
0.4234323799610138
0.48851433396339417
0.5622504949569702
0.6521162986755371
0.32320281863212585
0.6960652470588684
0.4394591450691223
0.45027825236320496
0.6409522891044617
0.47552329301834106
0.5761095285415649
0.6131533980369568
0.5378798842430115
0.817394495010376
0.7103267312049866
0.479231059551239
0.6751542091369629
0.4610082507133484
0.43229201436042786
0.6679893136024475
0.5420339107513428
0.3814307749271393
0.3568183481693268
0.41194024682044983
0.5646606087684631
0.4333258867263794
0.3650906980037689
0.5547391176223755
0.3854917585849762
0.30037781596183777
0.3243423104286194
0.3619489371776581
0.6274784803390503
0.42413678765296936
0.3485386371612549
0.42979228496551514
0.6600564122200012
0.5901018381118774
0.4526757597923279
0.8202012777328491
0.3903335630893707
0.6907833218574524
0.4083336591720581
0.4577365517616272
0.4751531183719635
0.5707125067710876
0.42980724573135376
0.42139217257499695
0.5631961226463318
0.37748393416404724
0.6814756989479065
0.3360934853553772
0.5176280736923218
0.447456032037735
0.4822673201560974
0.5576149821281433
0.5598012804985046
0.36373159289360046
0.7567785382270813
0.6008431315422058
0.45699599385261536
0.5110461711883545
0.5647203326225281
0.3472316563129425
0.6250825524330139
0.49207380414009094
0.3192276358604431
0.6263497471809387
0.4950490891933441
0.3339802324771881
0.39703890681266785
0.5453945994377136
0.5345659255981445
0.4186569154262543
0.5409244298934937
0.5385600924491882
0.4386272132396698
0.40650027990341187
0.7452976107597351
0.46586957573890686
0.557275652885437
0.5795502662658691
0.6489114165306091
0.5271824598312378
0.3380177915096283
0.3919115662574768
0.7193138599395752
0.5778743624687195
0.42247718572616577
0.6520302295684814
0.6765605807304382
0.4544289708137512
0.5913136005401611
0.7283541560173035
0.7396353483200073
0.6308879256248474
0.48193371295928955
0.322845458984375
0.3448791801929474
0.7031352519989014
0.48435530066490173
0.35213983058929443
0.5237300992012024
0.4754432439804077
0.47788718342781067
0.6607019901275635
0.49447542428970337
0.5915108919143677
0.6742224097251892
0.5258095860481262
0.5148311257362366
0.34913957118988037
0.4888931214809418
0.5746222138404846
0.5804794430732727
0.3829646706581116
0.382476806640625
0.4025508165359497
0.6259439587593079
0.7148287296295166
0.4847817122936249
0.5857016444206238
0.7139895558357239
0.5334975719451904
0.3271394968032837
0.5687494874000549
0.31071996688842773
0.41943854093551636
0.7395740747451782
0.472613126039505
0.2967507839202881
0.8308190703392029
0.5362305641174316
0.4317159652709961
0.6680384874343872
0.7072593569755554
0.5419434905052185
0.5918411016464233
0.5296773910522461
0.26842865347862244
0.6901969909667969
0.28917863965034485
0.41244974732398987
0.6698479652404785
0.5074199438095093
0.4170634150505066
0.5899485945701599
0.35431355237960815
0.4544125199317932
0.5583629608154297
0.8030791282653809
0.4943592846393585
0.5992176532745361
0.4892096221446991
0.5966175198554993
0.4909224510192871
0.4487886130809784
0.3421320915222168
0.6725969314575195
0.5491943955421448
0.4046143591403961
0.3928336203098297
0.7726892828941345
0.510842502117157
0.5409485101699829
0.5684400796890259
0.46036621928215027
0.3798406720161438
0.7851954102516174
0.4513222873210907
0.48767250776290894
0.3036608397960663
0.3729337155818939
0.5093348622322083
0.4757358729839325
0.22367922961711884
0.5711480975151062
0.42145034670829773
0.6268120408058167
0.3487950265407562
0.27090343832969666
0.3208591639995575
0.7401419878005981
0.6137993931770325
0.5396015048027039
0.3356964886188507
0.650888979434967
0.29472559690475464
0.2481740117073059
0.43160995841026306
0.6660438776016235
0.6084244251251221
0.6308631300926208
0.4506698548793793
0.4897659122943878
0.4170665442943573
0.3884616196155548
0.3779293894767761
0.3742319643497467
0.3112420439720154
0.36692026257514954
0.5025321841239929
0.5192792415618896
0.6961514949798584
0.5179907083511353
0.5751245617866516
0.6668059825897217
0.5299684405326843
0.3857228755950928
0.3470693528652191
0.5393715500831604
0.38059812784194946
0.4195805788040161
0.4030933678150177
0.40146541595458984
0.55429607629776
0.518276035785675
0.39669910073280334
0.5616421699523926
0.5964256525039673
0.530505895614624
0.5664676427841187
0.481456458568573
0.5036607384681702
0.3901337683200836
0.5073358416557312
0.550136387348175
0.5778689980506897
0.46645528078079224
0.5476479530334473
0.531242311000824
0.7110834717750549
0.740097165107727
0.539137601852417
0.6613793969154358
0.5519737601280212
0.5683225393295288
0.4585469365119934
0.6396676301956177
0.7560369372367859
0.6817016005516052
0.6044568419456482
0.5858426690101624
0.4632784426212311
0.42824363708496094
0.6689447164535522
0.7255885004997253
0.6483304500579834
0.4750809967517853
0.5820304155349731
0.7360994219779968
0.6761254668235779
0.41181036829948425
0.7050440907478333
0.535352349281311
0.4400392472743988
0.49958133697509766
0.47647565603256226
0.5927941203117371
0.44025367498397827
0.3440735340118408
0.7151383757591248
0.628546416759491
0.7116525769233704
0.5856436491012573
0.6118460297584534
0.24576835334300995
0.3943176865577698
0.6454367637634277
0.27437564730644226
0.6157909631729126
0.6169699430465698
0.36365073919296265
0.31028804183006287
0.25747406482696533
0.39035654067993164
0.5224968791007996
0.549552857875824
0.5889174938201904
0.439831018447876
0.47989457845687866
0.4223940372467041
0.5027796030044556
0.6044254899024963
0.24174918234348297
0.6194975972175598
0.37459713220596313
0.3413715064525604
0.3460613787174225
0.32991284132003784
0.801178514957428
0.6931272149085999
0.30206573009490967
0.5868556499481201
0.4906938672065735
0.3249777555465698
0.6052359342575073
0.47937074303627014
0.4603041112422943
0.4782675802707672
0.6684643030166626
0.5954616665840149
0.6786455512046814
0.6678712964057922
0.5877596139907837
0.5520329475402832
0.7712669968605042
0.6000866293907166
0.5831893086433411
0.338824063539505
0.6191403865814209
0.38049623370170593
0.4680964946746826
0.3978613018989563
0.3796084225177765
0.4463828206062317
0.6570956707000732
0.6652838587760925
0.5972038507461548
0.414983332157135
0.37667152285575867
0.5174232125282288
0.4973421096801758
0.3797245919704437
0.44917455315589905
0.6223148107528687
0.8348883390426636
0.48844465613365173
0.5388036966323853
0.5584163665771484
0.5686348080635071
0.36554163694381714
0.8041874766349792
0.6240856647491455
0.4082682430744171
0.44740861654281616
0.6639003157615662
0.7223162651062012
0.5458412170410156
0.4761085510253906
0.47033244371414185
0.49127763509750366
0.5149314999580383
0.36979711055755615
0.44108909368515015
0.6064355373382568
0.7345091104507446
0.4959375560283661
0.39631661772727966
0.45102477073669434
0.27987533807754517
0.6460719108581543
0.2891697287559509
0.5516297221183777
0.55547696352005
0.485405832529068
0.5196229219436646
0.5192797780036926
0.38952213525772095
0.6368415951728821
0.4621703028678894
0.45330312848091125
0.6761168837547302
0.48634493350982666
0.727942168712616
0.6368428468704224
0.5679430365562439
0.6748188734054565
0.4528045654296875
0.40684226155281067
0.5114907026290894
0.5099065899848938
0.4025001525878906
0.5171350240707397
0.6036678552627563
0.6840656995773315
0.6492161154747009
0.6942699551582336
0.6945582628250122
0.5756965279579163
0.5102784633636475
0.683172345161438
0.6617611050605774
0.48441749811172485
0.5031733512878418
0.5783448219299316
0.21777674555778503
0.5922989845275879
0.5801928043365479
0.668267011642456
0.6688845753669739
0.4462262690067291
0.5468294024467468
0.5285024046897888
0.6191356778144836
0.6655895709991455
0.7033377885818481
0.606769859790802
0.22570683062076569
0.7359937429428101
0.4205544590950012
0.37599241733551025
0.6231492161750793
0.4630366265773773
0.6800454258918762
0.4724888801574707
0.6219974160194397
0.5659165978431702
0.519733726978302
0.49939194321632385
0.625952959060669
0.5463482737541199
0.6343063116073608
0.3000933825969696
0.4201939105987549
0.5652105808258057
0.6708375215530396
0.5194083452224731
0.5346623659133911
0.25065815448760986
0.3557060658931732
0.5159245133399963
0.4055199921131134
0.46690839529037476
0.8129727840423584
0.20560693740844727
0.678743302822113
0.6217502951622009
0.3813844323158264
0.48633667826652527
0.5751791000366211
0.4142264425754547
0.7520070672035217
0.3434307873249054
0.5623486042022705
0.5882599353790283
0.5945271253585815
0.5392888188362122
0.7978808879852295
0.6396600008010864
0.7203647494316101
0.3489055633544922
0.6223796010017395
0.6198646426200867
0.5338284373283386
0.512705385684967
0.28453731536865234
0.47217389941215515
0.278323769569397
0.38874495029449463
0.5649324059486389
0.5566150546073914
0.47572705149650574
0.41580450534820557
0.6029035449028015
0.5142940878868103
0.45329734683036804
0.38713014125823975
0.5529263019561768
0.705055296421051
0.4481116235256195
0.33821895718574524
0.7408296465873718
0.687342643737793
0.48349660634994507
0.29855480790138245
0.4808286726474762
0.4210875630378723
0.708935022354126
0.21913078427314758
0.6373434066772461
0.4676450490951538
0.7981154918670654
0.34685924649238586
0.6565319895744324
0.5332232117652893
0.48752447962760925
0.39954105019569397
0.4156253933906555
0.3728000223636627
0.34874239563941956
0.7128714323043823
0.5584584474563599
0.5503653883934021
0.7484473586082458
0.5287655591964722
0.5357921719551086
0.6938961744308472
0.46642136573791504
0.49937641620635986
0.49583059549331665
0.354221373796463
0.5272291302680969
0.4316118657588959
0.4855690896511078
0.23166455328464508
0.5808002948760986
0.6868031620979309
0.41763028502464294
0.47674673795700073
0.6141901016235352
0.35470569133758545
0.4198090434074402
0.3809320628643036
0.24876758456230164
0.3164841830730438
0.3266816735267639
0.2942204773426056
0.3469526171684265
0.38049834966659546
0.5300009846687317
0.3453054428100586
0.5675373077392578
0.5453932285308838
0.6352657675743103
0.6565137505531311
0.45608505606651306
0.36941665410995483
0.5553452968597412
0.46410080790519714
0.7180660367012024
0.4801938533782959
0.6710127592086792
0.37899285554885864
0.6029319167137146
0.5364573001861572
0.4786849021911621
0.6985870599746704
0.8033767342567444
0.523963212966919
0.7079426646232605
0.6457756161689758
0.6997535228729248
0.3607049584388733
0.45566096901893616
0.724040687084198
0.396815687417984
0.4315564036369324
0.346560001373291
0.40821897983551025
0.5837457180023193
0.45316481590270996
0.5790773630142212
0.7200034260749817
0.5823827981948853
0.25326257944107056
0.5304731726646423
0.6596264839172363
0.6399044990539551
0.5526881814002991
0.6021811962127686
0.2555006444454193
0.6039059162139893
0.6308978796005249
0.5122837424278259
0.6550258994102478
0.27108123898506165
0.3711596429347992
0.5538442134857178
0.7121647000312805
0.5859907865524292
0.5531008839607239
0.5493969917297363
0.5005166530609131
0.3214189112186432
0.40872275829315186
0.6020674109458923
0.5007582306861877
0.3403474688529968
0.34034448862075806
0.4678821861743927
0.3082863986492157
0.32612860202789307
0.7217139005661011
0.6656597256660461
0.3835200071334839
0.7056959867477417
0.5096079111099243
0.492989718914032
0.570044219493866
0.33282148838043213
0.46536269783973694
0.5156845450401306
0.43024712800979614
0.3106519281864166
0.7090499401092529
0.5332903861999512
0.4212377965450287
0.38741376996040344
0.4472333490848541
0.6675350666046143
0.46392300724983215
0.6462097764015198
0.35024070739746094
0.5155956149101257
0.4385307729244232
0.4519250988960266
0.4064435660839081
0.37412628531455994
0.5554297566413879
0.3434414267539978
0.5064027309417725
0.4302598834037781
0.2826135754585266
0.4496157467365265
0.4431700110435486
0.21971364319324493
0.5106159448623657
0.5254639387130737
0.6959030628204346
0.6443476676940918
0.5391302108764648
0.5629028081893921
0.6290478706359863
0.25694578886032104
0.5305935144424438
0.43257448077201843
0.34528470039367676
0.7381861805915833
0.5782872438430786
0.5329481959342957
0.4690428078174591
0.5077068209648132
0.5126604437828064
0.6088687777519226
0.4267888367176056
0.5438734889030457
0.5332326889038086
0.6911070346832275
0.48275405168533325
0.3626873791217804
0.3429177701473236
0.5113956332206726
0.4807876944541931
0.4779021441936493
0.3612382113933563
0.32727110385894775
0.4317559003829956
0.37484508752822876
0.5194413065910339
0.4518844187259674
0.39083370566368103
0.49995216727256775
0.46325305104255676
0.654522180557251
0.32105401158332825
0.6769105195999146
0.5456976294517517
0.7866103053092957
0.5335452556610107
0.6480514407157898
0.6200552582740784
0.47724831104278564
0.304425448179245
0.3855860233306885
0.4776439070701599
0.48276567459106445
0.82933509349823
0.4248870015144348
0.5200836062431335
0.3450385332107544
0.5194071531295776
0.5639665722846985
0.42501696944236755
0.4565083086490631
0.6097440719604492
0.3998326361179352
0.4324314296245575
0.582313060760498
0.45218348503112793
0.4119543731212616
0.5839269161224365
0.41993746161460876
0.8058992624282837
0.482903391122818
0.5105233192443848
0.6492317318916321
0.36689192056655884
0.7410349249839783
0.5656436085700989
0.500423789024353
0.36749351024627686
0.30092859268188477
0.3421388864517212
0.6513441801071167
0.5924394726753235
0.44130706787109375
0.5169114470481873
0.7192128896713257
0.6900804042816162
0.5142989158630371
0.4022050201892853
0.4107940196990967
0.7441890835762024
0.9169379472732544
0.38389667868614197
0.5601296424865723
0.5724194645881653
0.6300418972969055
0.4792487621307373
0.2936450242996216
0.5079452991485596
0.45604029297828674
0.4473540186882019
0.37115952372550964
0.34805575013160706
0.28916314244270325
0.648461639881134
0.4790903627872467
0.6480934023857117
0.7341126799583435
0.481984943151474
0.3903718590736389
0.3858027458190918
0.4860052764415741
0.2808174192905426
0.5513784885406494
0.5075808167457581
0.4298660159111023
0.1976470947265625
0.49896618723869324
0.5187920331954956
0.5445472002029419
0.7078716158866882
0.41915321350097656
0.6313953399658203
0.6287476420402527
0.3497612178325653
0.34413671493530273
0.32445886731147766
0.341983824968338
0.48235130310058594
0.4560939371585846
0.40885117650032043
0.8107832670211792
0.6232485771179199
0.7081079483032227
0.5622730255126953
0.5722241997718811
0.7346668839454651
0.7083276510238647
0.39819198846817017
0.43112072348594666
0.5470449924468994
0.5796704292297363
0.8555628657341003
0.5526517629623413
0.47643521428108215
0.4961298406124115
0.5043161511421204
0.3524101972579956
0.703588604927063
0.46193963289260864
0.4178418815135956
0.4774571359157562
0.624409019947052
0.5297885537147522
0.5481954216957092
0.49648353457450867
0.37466779351234436
0.5271897315979004
0.4429504871368408
0.4477517008781433
0.355722576379776
0.5257775783538818
0.5104836225509644
0.7635692954063416
0.5806681513786316
0.36792051792144775
0.5949366092681885
0.42055079340934753
0.3032434582710266
0.520446240901947
0.6316859126091003
0.6728373765945435
0.2728501260280609
0.5175529718399048
0.5624045133590698
0.5158796310424805
0.4775161147117615
0.5151498317718506
0.46161872148513794
0.719939112663269
0.5195526480674744
0.6197101473808289
0.49185091257095337
0.7523152232170105
0.47202426195144653
0.4373064637184143
0.21951089799404144
0.730117678642273
0.4052242040634155
0.39499184489250183
0.36218732595443726
0.32729291915893555
0.5839255452156067
0.33774346113204956
0.48717471957206726
0.4849829375743866
0.7762609720230103
0.34684982895851135
0.3241589367389679
0.49761897325515747
0.3271814286708832
0.3582102954387665
0.5985028147697449
0.49864375591278076
0.5020167231559753
0.5741831064224243
0.653939962387085
0.45352956652641296
0.4668930172920227
0.5817791223526001
0.34850597381591797
0.46016108989715576
0.5746726393699646
0.6148098707199097
0.4318704307079315
0.7223958373069763
0.463377445936203
0.509456217288971
0.4431924819946289
0.6933866739273071
0.3924124240875244
0.3595898151397705
0.3106119930744171
0.5660191178321838
0.4667867422103882
0.7437740564346313
0.45854315161705017
0.2869308888912201
0.591636598110199
0.3570782244205475
0.5172756910324097
0.42186957597732544
0.45628851652145386
0.6081711053848267
0.585436224937439
0.3787481486797333
0.4248158931732178
0.5270355939865112
0.5247656106948853
0.7142175436019897
0.5240364074707031
0.5367814302444458
0.4518478214740753
0.5896311402320862
0.543510377407074
0.34821954369544983
0.4572899639606476
0.5467886924743652
0.5867511034011841
0.6577346324920654
0.653317928314209
0.5921077728271484
0.5136802196502686
0.391756147146225
0.7569523453712463
0.34549039602279663
0.4285498857498169
0.5629048943519592
0.3498159348964691
0.43389788269996643
0.5988250970840454
0.5767601728439331
0.5244305729866028
0.3676038682460785
0.43782517313957214
0.45336684584617615
0.672213077545166
0.5662389993667603
0.6009598970413208
0.4334559142589569
0.6840023398399353
0.4450821578502655
0.24372804164886475
0.33806487917900085
0.3883892595767975
0.6842208504676819
0.3902563154697418
0.5902829170227051
0.6037689447402954
0.4346974492073059
0.44599801301956177
0.3917233645915985
0.3285990059375763
0.29343181848526
0.40210065245628357
0.40913477540016174
0.559759795665741
0.5082998275756836
0.549948513507843
0.573879063129425
0.6886209845542908
0.5979235768318176
0.4284121096134186
0.4719093441963196
0.44817978143692017
0.6071317791938782
0.3353703022003174
0.7098787426948547
0.3987177908420563
0.4053352177143097
0.5955315828323364
0.47981542348861694
0.7199746966362
0.5344685912132263
0.33861419558525085
0.6832404136657715
0.6976372599601746
0.6173814535140991
0.38086384534835815
0.41655468940734863
0.48923686146736145
0.7436394095420837
0.3701365888118744
0.391139417886734
0.48353686928749084
0.904281735420227
0.412931889295578
0.5317026376724243
0.6139422059059143
0.3442251980304718
0.28955256938934326
0.6418417096138
0.5221623182296753
0.6698372960090637
0.6101905703544617
0.8400083780288696
0.5130281448364258
0.44260796904563904
0.6324033737182617
0.8100887537002563
0.4656708240509033
0.31122952699661255
0.28649792075157166
0.8135015368461609
0.23167505860328674
0.4901064932346344
0.4274154305458069
0.32632386684417725
0.5861525535583496
0.522878110408783
0.4534759521484375
0.5490896105766296
0.54079669713974
0.46536919474601746
0.7234104871749878
0.5917724967002869
0.6517893075942993
0.7362177968025208
0.7191609144210815
0.4812444746494293
0.4584138095378876
0.6332842111587524
0.3945910334587097
0.5832548141479492
0.519658088684082
0.4557594954967499
0.3824927508831024
0.4837455153465271
0.39302533864974976
0.4425080120563507
0.505571186542511
0.41830959916114807
0.5385411977767944
0.4962340295314789
0.3124817907810211
0.4085894525051117
0.6391684412956238
0.4679560363292694
0.44226008653640747
0.6999203562736511
0.6396533846855164
0.6373586654663086
0.42858219146728516
0.42674747109413147
0.74721759557724
0.6413648724555969
0.5590659379959106
0.3960225284099579
0.5294337868690491
0.6496487259864807
0.4101339280605316
0.7270554900169373
0.4784684181213379
0.8398252129554749
0.6873887777328491
0.5171231627464294
0.49995192885398865
0.47980159521102905
0.6337385773658752
0.596921443939209
0.44415920972824097
0.5303282141685486
0.4406149387359619
0.6179077625274658
0.38989540934562683
0.4726489186286926
0.5181256532669067
0.44479474425315857
0.6338375210762024
0.322895348072052
0.77916419506073
0.5065380930900574
0.41700220108032227
0.5525512099266052
0.5004810690879822
0.6794239282608032
0.7200670838356018
0.5006133317947388
0.47439417243003845
0.5126819610595703
0.3917536735534668
0.3824883699417114
0.3852798342704773
0.43200811743736267
0.7561430931091309
0.42720475792884827
0.6207221150398254
0.39780715107917786
0.37232282757759094
0.5540271997451782
0.44805803894996643
0.6348292231559753
0.488219678401947
0.27784451842308044
0.43479618430137634
0.4373122751712799
0.720498263835907
0.5792554020881653
0.667228102684021
0.5265740156173706
0.39315634965896606
0.3667278289794922
0.44334515929222107
0.5500274896621704
0.45514678955078125
0.39129987359046936
0.5042787790298462
0.4804142713546753
0.5604018568992615
0.7332263588905334
0.44560909271240234
0.6114373207092285
0.32352566719055176
0.5765829086303711
0.7237255573272705
0.572269856929779
0.6114658117294312
0.4909610152244568
0.4518537223339081
0.463456928730011
0.4961344301700592
0.7347621321678162
0.4576801061630249
0.34058985114097595
0.5485525131225586
0.34204035997390747
0.31759947538375854
0.41906657814979553
0.31291598081588745
0.6082895398139954
0.32867708802223206
0.5390512943267822
0.7555728554725647
0.39501363039016724
0.4654703438282013
0.4077603816986084
0.7002153992652893
0.4727228283882141
0.6756126284599304
0.6513694524765015
0.5169925093650818
0.7066182494163513
0.508549153804779
0.5026063323020935
0.5279029011726379
0.6077582240104675
0.5432915091514587
0.5862278938293457
0.698032796382904
0.7191632390022278
0.6870721578598022
0.5484641790390015
0.5972599983215332
0.44217565655708313
0.45643648505210876
0.546675443649292
0.30512550473213196
0.5863619446754456
0.44862890243530273
0.5377373695373535
0.4904254674911499
0.6564050316810608
0.680457592010498
0.2920365035533905
0.7709200382232666
0.6523695588111877
0.31560054421424866
0.6002162098884583
0.33524420857429504
0.5241343379020691
0.29743021726608276
0.593397855758667
0.3880336284637451
0.4625712037086487
0.8097075819969177
0.6139195561408997
0.48890912532806396
0.4569706320762634
0.4247852563858032
0.7107076644897461
0.5306881070137024
0.4783499836921692
0.24800805747509003
0.4316169023513794
0.36882030963897705
0.5598745346069336
0.2913675010204315
0.22496315836906433
0.42817676067352295
0.38813695311546326
0.3680494427680969
0.3598446846008301
0.4554288685321808
0.7187172770500183
0.4471393823623657
0.5104464888572693
0.5045812129974365
0.5391773581504822
0.43479225039482117
0.5363147258758545
0.7840803265571594
0.8409803509712219
0.5046509504318237
0.4130156934261322
0.5182907581329346
0.572371780872345
0.3815532326698303
0.4568358361721039
0.3986116945743561
0.6369092464447021
0.4366796016693115
0.5800864696502686
0.6838122010231018
0.3938446044921875
0.35945379734039307
0.35615503787994385
0.5991371273994446
0.33089596033096313
0.2518759071826935
0.24454514682292938
0.5349674820899963
0.43977123498916626
0.7544377446174622
0.6381370425224304
0.6304161548614502
0.5374596118927002
0.5022547245025635
0.31187596917152405
0.4888438582420349
0.3829643726348877
0.4941486418247223
0.2442692220211029
0.535412073135376
0.26370811462402344
0.2639465928077698
0.5540012121200562
0.458927184343338
0.4496522545814514
0.408414751291275
0.5732353925704956
0.8584180474281311
0.350120484828949
0.5662323236465454
0.27196577191352844
0.6696098446846008
0.39598459005355835
0.4235270619392395
0.4514963924884796
0.5810205936431885
0.39032116532325745
0.6597172617912292
0.4150511920452118
0.5008096098899841
0.47968319058418274
0.645331621170044
0.5026177763938904
0.7176340818405151
0.5161863565444946
0.45270177721977234
0.659813404083252
0.6389185190200806
0.5636611580848694
0.44208893179893494
0.4657842218875885
0.5436323881149292
0.6534044146537781
0.38307878375053406
0.48521992564201355
0.3760586380958557
0.4540340304374695
0.46195513010025024
0.5550114512443542
0.8263705968856812
0.5041457414627075
0.5949684381484985
0.6378244161605835
0.5851841568946838
0.5724027752876282
0.5132571458816528
0.5781356692314148
0.5134501457214355
0.39239415526390076
0.35357922315597534
0.5111852288246155
0.5029087662696838
0.5413848161697388
0.6017633080482483
0.33954834938049316
0.5047374963760376
0.49563461542129517
0.5246620774269104
0.668606162071228
0.31844577193260193
0.4296950697898865
0.5848809480667114
0.8141605257987976
0.4774174988269806
0.8825080990791321
0.6761812567710876
0.658187210559845
0.71580970287323
0.6679596304893494
0.6124829649925232
0.48891547322273254
0.6578105688095093
0.5399466156959534
0.6495103240013123
0.6486445665359497
0.9312608242034912
0.8581297993659973
0.3862614929676056
0.49138715863227844
0.5146365165710449
0.5830115079879761
0.5538607835769653
0.501070499420166
0.735525906085968
0.6030691266059875
0.6448773145675659
0.4452546238899231
0.6485936045646667
0.6892181634902954
0.35782742500305176
0.4417496621608734
0.3160330653190613
0.6646084189414978
0.5712134838104248
0.525660514831543
0.3528037965297699
0.521568238735199
0.5021823048591614
0.4088011682033539
0.4893236756324768
0.5623204708099365
0.4130735397338867
0.4154476225376129
0.33374181389808655
0.6696677803993225
0.5217005610466003
0.34936368465423584
0.37581416964530945
0.6582121253013611
0.5237008333206177
0.5313906669616699
0.6265632510185242
0.38206586241722107
0.42429205775260925
0.5012999773025513
0.403207391500473
0.4915822744369507
0.2830376625061035
0.6041666269302368
0.5003087520599365
0.46211543679237366
0.7320917248725891
0.3735237717628479
0.5295820832252502
0.3842131197452545
0.31283077597618103
0.2581203877925873
0.8887873888015747
0.651605486869812
0.5212580561637878
0.6055079102516174
0.5364558696746826
0.5278291702270508
0.7211917042732239
0.47059953212738037
0.510202944278717
0.3976117670536041
0.2797417640686035
0.18910281360149384
0.721092939376831
0.4371984601020813
0.6068212389945984
0.32462430000305176
0.769278883934021
0.43796899914741516
0.5388821959495544
0.28671014308929443
0.4033452868461609
0.40503352880477905
0.346421480178833
0.5205144286155701
0.5337175130844116
0.4392920136451721
0.2412540316581726
0.45381730794906616
0.6124457716941833
0.5154064893722534
0.4517481327056885
0.46312448382377625
0.7296660542488098
0.2885754108428955
0.8026584386825562
0.38418376445770264
0.38655316829681396
0.39979952573776245
0.7916914224624634
0.5878199934959412
0.877406120300293
0.6890777349472046
0.651759684085846
0.6896609663963318
0.3313792049884796
0.5541865825653076
0.3189030885696411
0.3291639983654022
0.355272501707077
0.3323531150817871
0.4431827962398529
0.6584052443504333
0.3407226502895355
0.23929883539676666
0.5318290591239929
0.7778167128562927
0.5004101395606995
0.4169776737689972
0.6481354832649231
0.45641589164733887
0.3224170506000519
0.6292294859886169
0.45228111743927
0.5004400610923767
0.2884424924850464
0.5281322598457336
0.45266193151474
0.34876444935798645
0.6320092678070068
0.48901233077049255
0.566916823387146
0.4776221811771393
0.6555103063583374
0.42471492290496826
0.5666081309318542
0.37744835019111633
0.5640677809715271
0.4865795969963074
0.3222930431365967
0.6549249887466431
0.33962830901145935
0.5234313607215881
0.3124232888221741
0.6009073257446289
0.6856762766838074
0.4082428216934204
0.25340211391448975
0.4088546931743622
0.3293468654155731
0.528282642364502
0.3837990462779999
0.6854389905929565
0.3731253445148468
0.47947579622268677
0.5110079646110535
0.3901897370815277
0.8001804351806641
0.6232283115386963
0.34322071075439453
0.44321325421333313
0.34231722354888916
0.6712697148323059
0.6590635776519775
0.7088623642921448
0.49682360887527466
0.4614142179489136
0.6389756798744202
0.5374126434326172
0.4119335114955902
0.3411979079246521
0.593736469745636
0.5560947060585022
0.26837053894996643
0.5494335293769836
0.49155673384666443
0.556918740272522
0.6982946991920471
0.4416879117488861
0.5396609902381897
0.6733413934707642
0.4072692394256592
0.3050808608531952
0.5812975168228149
0.5910085439682007
0.44113054871559143
0.5012710094451904
0.5177730917930603
0.37995368242263794
0.6362258791923523
0.5141400694847107
0.44888484477996826
0.46687886118888855
0.38568469882011414
0.4979232847690582
0.6156017780303955
0.5564267039299011
0.3948522210121155
0.45743292570114136
0.6464757919311523
0.41035953164100647
0.6347116231918335
0.42865368723869324
0.3624524772167206
0.4378024637699127
0.8116136789321899
0.676036536693573
0.5446458458900452
0.39633408188819885
0.4085272550582886
0.5447205305099487
0.7491095662117004
0.3667759597301483
0.5015384554862976
0.6148680448532104
0.5729307532310486
0.32938507199287415
0.7018908858299255
0.6192357540130615
0.6254110336303711
0.38698452711105347
0.6397616267204285
0.4041055142879486
0.7007769346237183
0.2930441200733185
0.33810365200042725
0.5070579648017883
0.35966458916664124
