0.9993510842323303
0.07858853042125702
6.347186717903242e-05
0.24736875295639038
8.3736922533717e-05
0.9689295291900635
0.044356927275657654
0.12727445363998413
0.051545433700084686
0.29257863759994507
0.024543117731809616
0.1901828497648239
0.0006820568232797086
0.0048223454505205154
1.179141145257745e-05
0.00013798027066513896
0.18574756383895874
0.031194591894745827
0.0033422696869820356
0.0010055217426270247
0.005531208124011755
0.0003444380417931825
0.00022394869301933795
5.526170207303949e-05
5.179515210329555e-05
0.6055832505226135
0.003211351577192545
0.441112756729126
0.8664690852165222
0.00023574057559017092
0.004137355834245682
0.0001820675825001672
0.04784043878316879
0.00786678958684206
0.016858335584402084
0.7194488644599915
0.007817268371582031
0.006712396629154682
0.006463740486651659
0.00026893705944530666
0.0029695709235966206
0.0001426637318218127
0.645814061164856
0.007641598582267761
0.8976559042930603
0.6921261548995972
0.006341839209198952
0.060318369418382645
0.662742555141449
3.8158523238962516e-05
0.9762153625488281
2.0062628891537315e-07
0.29485374689102173
0.7216013669967651
0.0021061841398477554
0.017429014667868614
0.00012096527643734589
6.378703255904838e-05
6.130272231530398e-05
0.3222062885761261
0.23194339871406555
0.0020792640279978514
0.1301146149635315
0.03496164083480835
0.8200197219848633
0.9796482920646667
0.05002349615097046
0.20804952085018158
0.0006717239157296717
0.0011577835539355874
0.022973613813519478
7.392452243948355e-05
0.0007531862356700003
0.02374543994665146
0.028234027326107025
0.006944841239601374
0.6276894807815552
0.11769720911979675
0.008403105661273003
0.08939476311206818
0.1354086697101593
0.470622181892395
0.0006162040517665446
0.7348940372467041
0.04712860286235809
0.36824169754981995
0.3076237440109253
0.009351806715130806
0.0030862116254866123
0.009561941958963871
0.0011758701875805855
0.31549978256225586
4.1703864553710446e-05
7.383274351013824e-06
0.7263554334640503
0.0012536011636257172
0.20157775282859802
0.10019254684448242
0.001013609697110951
0.9530720114707947
0.12299589067697525
0.28181105852127075
0.003699330613017082
0.0005280722980387509
0.0003348836617078632
0.019782783463597298
0.0005935155204497278
6.0565223975572735e-05
0.08002877980470657
0.00019969753338955343
0.5069660544395447
0.00021863068104721606
0.1808212846517563
0.011134322732686996
0.00023062631953507662
0.0038235990796238184
0.0005243926425464451
0.19136877357959747
0.8261823654174805
0.0013248929753899574
0.17828603088855743
0.013971315696835518
0.1446041315793991
0.7542942762374878
0.542086124420166
1.652084961278888e-06
0.0004504166718106717
0.007157747633755207
0.172897070646286
0.0010643769055604935
0.0005953114596195519
6.552465492859483e-05
0.0004169914755038917
0.0002495654043741524
5.371778388507664e-05
0.8549471497535706
0.0002151397056877613
0.0002507924218662083
0.012464659288525581
0.0009148860117420554
0.0006688429275527596
0.189594566822052
0.08163096010684967
0.0007852595299482346
1.8551821767687215e-07
8.33584854262881e-05
0.10316202789545059
0.0025548962876200676
0.048180945217609406
0.007696946617215872
0.015894310548901558
6.307171861408278e-05
0.013222727924585342
0.033106014132499695
0.17261017858982086
0.0010767950443550944
2.7320891604176722e-05
0.06934130936861038
0.13197451829910278
0.12308911979198456
2.446464293370809e-07
0.9613186717033386
3.580212478482281e-06
0.080564945936203
0.00036198925226926804
0.23027366399765015
0.015733255073428154
0.0008191843517124653
0.004575030412524939
0.4762202203273773
0.37985512614250183
0.007805264554917812
0.0016311566578224301
0.013102914206683636
0.0012794031063094735
0.17859192192554474
8.777645416557789e-05
0.005270915571600199
0.06684029847383499
0.048187464475631714
0.22522243857383728
0.0013275910168886185
0.165105402469635
0.5821131467819214
0.0029198327101767063
0.21511466801166534
0.00043315245420672
0.2068471759557724
0.11111553758382797
0.01488080807030201
0.09174855798482895
0.9150072336196899
0.512748658657074
0.0012133046984672546
0.24634818732738495
2.4113069230224937e-07
1.4343314433062915e-05
0.007487417198717594
0.003577257040888071
4.4884141971124336e-05
0.010833465494215488
0.28564441204071045
4.049497511005029e-05
0.5485941767692566
0.00036942653241567314
0.8329525589942932
4.319866275181994e-05
0.601638913154602
0.299800306558609
0.00010216259397566319
0.17729789018630981
0.03595977649092674
0.000812495534773916
0.002667998429387808
6.854315870441496e-05
5.277135642245412e-05
0.0009326044237241149
0.011653978377580643
0.00012384841102175415
0.005380590446293354
0.8919022083282471
0.31614169478416443
0.023086370900273323
0.27421480417251587
0.004058385267853737
0.5829347372055054
0.10561248660087585
0.028786787763237953
0.2182459533214569
0.06079847738146782
0.004745233338326216
0.04734091833233833
0.09078148752450943
0.20466095209121704
0.009991609491407871
0.5765604972839355
0.9668769240379333
0.007942776195704937
3.5147102153132437e-06
0.008566709235310555
7.111686136340722e-05
0.12376433610916138
0.012956383638083935
0.4831106662750244
0.003987160045653582
0.0004818603047169745
0.7033751606941223
0.003137429477646947
0.0041243815794587135
0.8283719420433044
0.00012922393216285855
0.023830125108361244
0.31039145588874817
0.0002535510575398803
0.0010382605250924826
0.021031435579061508
0.05861777067184448
0.5080584287643433
0.7795272469520569
0.3636326491832733
0.06336546689271927
0.18959017097949982
0.2894767224788666
0.02231505699455738
0.46594157814979553
0.8814518451690674
0.008490263484418392
0.03626510873436928
0.002766889054328203
3.1042651244206354e-05
0.003677298314869404
0.6951627135276794
0.6353507041931152
0.00906242523342371
3.310935198896914e-06
0.004462196491658688
0.002898807404562831
1.545712621009443e-05
0.1910174936056137
0.2646649479866028
0.9638773202896118
0.752318263053894
7.364687189692631e-05
0.02665574662387371
0.6513803005218506
0.530962347984314
0.005388854071497917
0.023221638053655624
0.002002888126298785
0.004039452876895666
0.22752206027507782
0.12205903977155685
0.001091905520297587
0.09883589297533035
0.028467046096920967
0.13697892427444458
0.24167542159557343
0.011728477664291859
0.032901179045438766
0.03149939328432083
0.15182095766067505
0.003752801101654768
0.1796770542860031
4.012065983260982e-05
0.004140480887144804
4.75047345389612e-05
0.03314043581485748
0.00010169082088395953
0.1401633471250534
0.005321780685335398
3.932899517167243e-07
0.27941057085990906
1.2929235708725173e-06
9.689182661531959e-06
0.1224486455321312
0.537471354007721
0.004190686624497175
8.02248323452659e-05
0.11052002757787704
0.0066263857297599316
0.00012448683264665306
6.324541755020618e-05
0.8440074920654297
0.002397945150732994
0.3374325931072235
0.008155010640621185
0.05082114413380623
0.31384381651878357
0.3975728750228882
0.000265316542936489
0.009569919668138027
0.433307945728302
0.01712065190076828
9.585329098626971e-05
0.0032443455420434475
0.0863126814365387
0.2653130292892456
0.9864252805709839
0.04211616888642311
0.13487720489501953
0.00046739817480556667
0.419179230928421
0.038729362189769745
0.012140311300754547
0.8009775876998901
0.023273371160030365
0.1455961912870407
5.768150117546611e-07
0.0021022011060267687
4.464167795958929e-05
0.0008928009774535894
0.4616233706474304
8.270302714663558e-06
0.16222062706947327
0.002769418992102146
0.5253310203552246
0.02827843837440014
0.008974985219538212
4.261031062924303e-05
0.0037613429594784975
0.0551600307226181
0.04421960189938545
0.6488167643547058
0.7182166576385498
0.0001328353100689128
0.18265429139137268
0.0428256131708622
0.37260809540748596
0.002391322748735547
0.874793291091919
0.0004031159623991698
0.0027427985332906246
0.044941775500774384
0.04591579735279083
0.467439204454422
0.029210174456238747
0.0049189357087016106
0.2082444131374359
7.513241143897176e-05
0.2776375412940979
0.09356620907783508
0.03615514561533928
0.10666736960411072
0.1549527496099472
0.006858981680124998
0.6078949570655823
8.237111046582868e-07
0.0007440924528054893
0.005415068473666906
0.3526281714439392
0.24678224325180054
0.0029468880966305733
0.014429783448576927
0.20931124687194824
7.205175620583759e-07
0.3278137743473053
1.0178564480156638e-05
4.3529081494853017e-07
0.0005823388928547502
8.815005276119336e-05
0.0367165207862854
0.0007896756287664175
0.006467281840741634
0.1370532363653183
0.00244060717523098
0.001516877207905054
0.7725896239280701
0.6324283480644226
0.02327803149819374
0.6911017298698425
0.15180525183677673
0.0006714800256304443
0.0012644960079342127
0.9194806814193726
0.485121488571167
0.33126115798950195
0.007965471595525742
0.0386664941906929
5.128859356773319e-06
0.8330420255661011
0.0037737349048256874
9.592595233698376e-07
0.0004810282844118774
0.3664589822292328
0.14423681795597076
0.0002296411112183705
2.572376797616016e-05
0.011728467419743538
1.0560012924543116e-05
0.0788634791970253
0.02203247882425785
0.5011688470840454
0.08368250727653503
0.08521884679794312
0.00025733179063536227
6.112281698733568e-05
3.8441077776951715e-05
0.3582576811313629
0.0001136664577643387
7.045480015221983e-05
0.00233656819909811
0.48177099227905273
0.4690946340560913
0.8892971277236938
0.751947283744812
0.10185474902391434
1.6263991710729897e-05
0.06514906138181686
0.0269311536103487
0.021484315395355225
0.00013162335380911827
0.31360048055648804
0.8053572177886963
0.9423263669013977
0.13220149278640747
0.004923531319946051
0.03289293125271797
0.3186987340450287
3.0679952033096924e-05
0.0009875533869490027
0.9369066953659058
0.39826712012290955
0.005250414367765188
0.3704841434955597
0.7727881669998169
0.0028441103640943766
0.9833109378814697
0.1418529450893402
0.0008913381607271731
0.003485002089291811
0.5492027997970581
0.028267642483115196
0.01960454322397709
0.0008829251164570451
0.00027228333055973053
1.3638497875945177e-05
0.00021810892212670296
0.0006094039417803288
2.859370033547748e-05
0.07747078686952591
0.1450892686843872
0.3509233295917511
0.0010853243293240666
0.3072882890701294
0.22724191844463348
0.6148408651351929
0.046166107058525085
0.001990698277950287
0.39470699429512024
0.03561781346797943
0.10681230574846268
0.00039135789847932756
0.030839664861559868
0.00030120561132207513
0.0041063944809138775
0.035688478499650955
0.4256313443183899
0.029337815940380096
0.02545541152358055
0.5114972591400146
0.02776019647717476
0.025714751332998276
0.0003483901091385633
2.3795769266143907e-06
0.027809349820017815
0.0032839770428836346
0.1362464278936386
2.7127291559736477e-06
0.007356713991612196
0.7263387441635132
0.7231680154800415
0.0028991051949560642
0.755321204662323
2.616595224935736e-07
0.049197595566511154
0.048161186277866364
0.26538142561912537
0.008272732608020306
0.07828390598297119
0.007590702269226313
0.009637150913476944
0.902427613735199
0.03856842219829559
0.12697254121303558
7.390986138489097e-05
2.5153667593258433e-07
5.917360249441117e-05
5.814636097056791e-05
0.5905845165252686
0.00843376386910677
0.6730937957763672
0.02883543074131012
0.433224618434906
0.763768196105957
0.8020944595336914
0.17677488923072815
0.10736977308988571
0.10153597593307495
0.9786874651908875
0.014651183038949966
0.0323668010532856
0.6122913956642151
0.00032933789771050215
0.534706175327301
0.003000051248818636
0.038491617888212204
0.11222979426383972
0.830518901348114
0.0072235288098454475
0.04889974370598793
0.06740749627351761
0.0012546045472845435
0.003139222739264369
4.271527723176405e-05
0.6365264654159546
0.8450430631637573
0.11645500361919403
0.03815360739827156
0.00022087218530941755
0.7356439232826233
2.2149829419504385e-06
0.0026119393296539783
0.0003795205557253212
0.6037673354148865
3.613417720771395e-05
0.09836555272340775
0.024392014369368553
0.003907239064574242
0.0297952089458704
0.2042156308889389
0.012690866366028786
0.033225949853658676
0.0011422955431044102
0.9056593179702759
0.0061137001030147076
0.047420378774404526
0.0031184516847133636
0.033805280923843384
0.011828526854515076
0.0008700978360138834
0.0011401278898119926
0.005544779356569052
4.823346171178855e-05
0.03581215441226959
0.9921680092811584
0.25743013620376587
5.627438895317027e-06
0.04066424071788788
0.05321665480732918
0.262968510389328
0.020077286288142204
0.001672500977292657
0.38367825746536255
0.2645159363746643
0.1525888442993164
0.008835992775857449
0.10002235323190689
0.012093598954379559
6.208198556123534e-06
0.0014167792396619916
0.09164926409721375
0.0003793176729232073
0.14341440796852112
0.802750289440155
0.7461457848548889
0.2707730233669281
1.6197692502828431e-06
0.13945651054382324
0.03585056960582733
0.34388914704322815
0.34642449021339417
0.025672685354948044
0.00040675298077985644
8.900739339878783e-05
0.00107146380469203
4.201855517749209e-06
0.8990577459335327
0.5647783875465393
0.0035879947245121002
0.017287638038396835
1.8053064820833242e-08
2.757216316240374e-05
0.31622499227523804
0.032867271453142166
0.0533100962638855
0.009518029168248177
0.0057062506675720215
0.03513260930776596
6.793431566620711e-06
0.8085779547691345
0.10894665867090225
0.19101202487945557
0.8822845220565796
0.9857197403907776
0.004011887591332197
0.021187135949730873
0.2234651893377304
0.0020287614315748215
0.0017237466527149081
0.001573114306665957
0.012286728248000145
0.04228423535823822
0.08163768798112869
2.4026489882089663e-06
0.31426188349723816
0.0005648192600347102
0.777564287185669
0.022878656163811684
0.039968203753232956
0.10181339830160141
0.02000635489821434
0.002632704097777605
0.00030353604233823717
7.030017172837688e-07
0.0012730822199955583
0.8167690634727478
0.35005372762680054
0.003664228832349181
0.0035537772346287966
0.04794750362634659
0.8408103585243225
0.2606247067451477
0.984811544418335
0.7289485335350037
0.0022452925331890583
0.004820396192371845
0.0029767798259854317
0.22051197290420532
0.00010133536125067621
0.009136884473264217
0.0038865895476192236
2.7393872414904763e-07
0.006279285531491041
6.232638406800106e-05
0.7990168929100037
0.5012909173965454
0.002799538429826498
0.5591214895248413
0.014157908968627453
3.203315657174244e-07
0.008490760810673237
0.006507469341158867
0.00023361359490081668
0.10312595218420029
0.0015535340644419193
0.6922318339347839
0.5396112203598022
0.1064048558473587
0.12482738494873047
0.011768927797675133
0.016115829348564148
0.4116802215576172
0.6462206244468689
0.9966668486595154
0.007128165103495121
0.003426845883950591
0.022736821323633194
0.7135596871376038
0.0012754027266055346
0.04874159395694733
5.730772954848362e-06
0.006271304562687874
0.0006047382485121489
0.3456208109855652
2.2944763259147294e-05
0.3959163725376129
0.9335007667541504
0.6655298471450806
0.006247748155146837
0.3222452700138092
0.001560215256176889
0.38127583265304565
0.8991182446479797
0.008203883655369282
0.4532628059387207
4.752068605284876e-08
0.8438045382499695
0.05421274155378342
0.6737414598464966
0.011652352288365364
0.0068379719741642475
0.08224750310182571
0.10006596893072128
0.0018586249789223075
0.00015964363410603255
0.0011165954638272524
0.7460236549377441
0.029089368879795074
0.13531804084777832
0.261494904756546
0.031387750059366226
0.06580004096031189
1.4445198814883042e-07
0.9657114148139954
0.004278175998479128
0.059826623648405075
0.004988724831491709
0.7943141460418701
5.663661795551889e-06
0.003113729413598776
0.14546264708042145
0.17188462615013123
0.001109784236177802
0.00016711185162421316
0.00041517408681102097
0.14084583520889282
0.008717896416783333
0.0008884383132681251
0.00019191726460121572
0.001647068653255701
0.43656209111213684
2.4839291654643603e-06
8.061071275733411e-05
9.35149219003506e-05
0.04016171768307686
0.349265992641449
0.6812930107116699
0.014080887660384178
0.8186330199241638
0.0002962049620691687
0.9497900009155273
0.0005309425760060549
0.009625271894037724
2.487944925633201e-07
0.04917186126112938
0.008395140059292316
0.13801105320453644
0.1225133091211319
0.7701906561851501
0.5993066430091858
0.5099796652793884
0.04613051190972328
0.00035790447145700455
0.31130465865135193
0.24412614107131958
0.5879485607147217
0.7472532987594604
0.3005399703979492
0.26233890652656555
0.056587908416986465
0.00016124016838148236
0.9711300730705261
0.006505262106657028
0.001341240364126861
0.0008476355578750372
0.0031462707556784153
0.00010273565567331389
0.15069690346717834
0.0945158526301384
0.13843749463558197
0.289594441652298
7.627386366948485e-05
0.0006535467109642923
0.003793966956436634
0.39812564849853516
0.0004660812555812299
0.046144403517246246
0.0028298546094447374
0.0026643872261047363
0.004438994452357292
0.9611883759498596
0.0003988617972936481
0.9138786196708679
0.005189498886466026
1.9887262681095308e-07
0.00011554038792382926
0.04094868153333664
4.8723410145612434e-05
0.0005582862067967653
0.026157064363360405
0.0022521396167576313
0.0005704307113774121
0.0006035318947397172
0.9106782674789429
0.22321075201034546
0.6243709921836853
0.9250637888908386
0.09393016248941422
0.000721725111361593
0.5722348690032959
0.0031180393416434526
0.36576026678085327
0.4192101061344147
0.020482461899518967
0.4693099856376648
0.002396262250840664
0.9445357322692871
0.5990579128265381
0.22594866156578064
0.0005082747084088624
0.07397974282503128
0.0051076654344797134
0.0036380430683493614
0.38746994733810425
0.0029690091032534838
0.011654769070446491
0.03512177988886833
0.006467992905527353
0.5826435089111328
0.7374177575111389
0.6092901229858398
0.5867717862129211
0.3501293659210205
6.028656571288593e-05
0.0011691766558215022
0.007237836718559265
0.037458859384059906
0.020996728911995888
0.9678648114204407
1.100157078326447e-06
0.016729606315493584
0.0040198443457484245
0.016302868723869324
0.43884727358818054
0.08719495683908463
0.02342693693935871
0.14286057651042938
0.006565123330801725
0.27561166882514954
0.24387845396995544
0.01304582878947258
0.12812013924121857
0.0004877522587776184
0.009807218797504902
0.4775811731815338
2.951291548924928e-07
0.00014896513312123716
0.009544678963720798
0.7529761791229248
0.2112603336572647
7.363015902228653e-05
3.3228163829335244e-06
0.006381801795214415
0.08454695343971252
0.06649210304021835
0.2376706898212433
0.001434413017705083
0.32231441140174866
0.3065350651741028
0.003754969919100404
0.024904318153858185
0.10629082471132278
0.44893190264701843
0.651964008808136
0.0006286039715632796
0.04727163538336754
0.500813364982605
9.204614457303251e-07
0.3612089455127716
0.02479575015604496
0.7595553398132324
3.760473191505298e-05
0.8594743609428406
2.660859195202647e-07
0.0002044381108134985
0.04024532809853554
0.053210217505693436
0.00176315160933882
3.1904495699563995e-05
0.8876522779464722
0.03557443991303444
0.002046182518824935
0.19458630681037903
0.19271324574947357
0.7161055207252502
0.6990350484848022
0.14712907373905182
0.0008003558614291251
0.0002770281280390918
0.03601992502808571
0.00016550168220419437
0.002850971883162856
0.6201713681221008
0.004005943424999714
0.00210182904265821
0.0001152533950516954
0.06629814952611923
0.0006842828588560224
0.02269619144499302
0.6811741590499878
0.0003664800024125725
0.04908093437552452
0.03479195386171341
0.010884026996791363
0.006136986892670393
0.010409410111606121
0.47223103046417236
0.0017294109566137195
0.08049461990594864
0.08891252428293228
0.0046771252527832985
0.2130986899137497
0.35587871074676514
0.004986443556845188
0.9389322996139526
0.309309184551239
0.03410754352807999
0.03806282579898834
0.025663074105978012
2.184510094593861e-06
5.22528680448886e-05
0.8396826982498169
0.0019720718264579773
0.6459864377975464
0.13495811820030212
0.047368500381708145
0.002409225795418024
5.50229633518029e-05
0.013576452620327473
0.0018947500502690673
0.016693545505404472
0.0009166922536678612
0.0005467825685627759
0.7456165552139282
0.921911358833313
0.001475113327614963
0.008605612441897392
0.04476049914956093
0.051313094794750214
0.6066444516181946
0.7442863583564758
0.04590485617518425
0.13016492128372192
0.01628953590989113
0.010614550672471523
0.04199890419840813
4.910919233225286e-05
0.5518119931221008
0.876624345779419
0.8607733249664307
3.187341644661501e-05
0.04161013290286064
0.0016148770228028297
0.004382322542369366
0.6535300612449646
0.000584400084335357
0.3417932689189911
0.16333834826946259
2.150125737898634e-06
0.04431094601750374
0.6455397605895996
0.0626961961388588
0.0878061056137085
0.03176889568567276
0.00038770612445659935
0.03342601656913757
0.00026490099844522774
0.8656360507011414
0.8639411926269531
0.0019396584248170257
0.006264456082135439
0.041596364229917526
0.06569594889879227
0.0012656009057536721
0.015760157257318497
0.00023596321989316493
0.21537305414676666
0.17164842784404755
0.27426981925964355
0.6315593719482422
3.381747546882252e-06
0.003998036962002516
0.0004909994313493371
0.00010250003106193617
8.998043631436303e-05
0.8308257460594177
0.03488161042332649
0.004575342871248722
0.0006027535418979824
0.007820568047463894
0.25016042590141296
0.0010517551563680172
0.08596038073301315
0.000881571730133146
0.0008690431131981313
0.0641377791762352
0.007974459789693356
0.0003852942609228194
0.0029220297001302242
0.0256672240793705
0.4294739067554474
0.0005350509891286492
0.13743288815021515
0.013157162815332413
0.006348146125674248
0.0021717450581490993
0.003597034141421318
9.836076969804708e-06
0.03175496682524681
0.545082688331604
0.20606191456317902
0.08965082466602325
0.029285801574587822
0.03973488509654999
0.6941996216773987
1.0916121482296148e-06
0.49930715560913086
9.960270830333684e-09
0.9462887048721313
0.005625296849757433
0.011170439422130585
0.03814622759819031
0.007925990968942642
0.02941770851612091
0.0006698609795421362
0.0023708550725132227
0.02248343825340271
0.010577717795968056
0.6284716129302979
0.8729068040847778
0.026969894766807556
0.00012318250082898885
0.00031224111444316804
0.0005844128900207579
0.005366777069866657
0.01932789571583271
0.004479200579226017
0.17396298050880432
0.005569908767938614
0.12410552054643631
5.4801625992695335e-06
5.064394645160064e-05
0.7269924879074097
0.003077506320551038
0.12995968759059906
0.0004950159345753491
0.02247164025902748
0.0005071838386356831
0.0022408936638385057
0.01731293275952339
0.0734679251909256
0.4602338969707489
0.00413647573441267
0.3147960603237152
0.1745416671037674
0.00030286365654319525
0.004121045581996441
0.0006057823193259537
0.0022964440286159515
0.00027916085673496127
0.00023492607579100877
0.0104997418820858
0.0007723089656792581
0.014313256368041039
0.023936621844768524
0.02192176878452301
0.0002953218063339591
0.27823197841644287
0.39754626154899597
0.04913206025958061
4.7211269702529535e-05
0.0034744064323604107
0.9550626873970032
0.04405227303504944
0.09763500094413757
0.002653709379956126
0.26505228877067566
0.00614860188215971
0.00023992372734937817
0.019573040306568146
0.02978123538196087
0.008315224200487137
0.030751219019293785
0.016167383641004562
0.3075396418571472
0.002961455611512065
0.00738013768568635
0.16962586343288422
0.5239686369895935
0.1465633362531662
0.39997628331184387
0.00200818688608706
0.10094918310642242
0.555016279220581
0.002846009563654661
0.1269056349992752
0.1065024584531784
0.08524160087108612
0.0002911673509515822
0.3668230473995209
3.073712832701858e-06
0.7139756679534912
0.002572747878730297
0.9866863489151001
0.005922750569880009
0.017343658953905106
0.002245519310235977
9.18472665034642e-07
4.847052423428977e-06
7.474494395864895e-06
1.1782402680182713e-06
0.48764729499816895
0.00012324616545811296
0.05022778362035751
0.03261168301105499
0.012604630552232265
0.03451996296644211
0.7833137512207031
0.3378290832042694
0.012013059109449387
0.0002681530895642936
0.08404042571783066
3.5188735637348145e-05
0.002399552147835493
0.8123154640197754
0.9759673476219177
0.19013217091560364
0.012590264901518822
0.1680193543434143
0.6638064980506897
0.05879399552941322
0.9100756049156189
0.0008674183045513928
0.02216685563325882
0.0020922617986798286
5.3090465371496975e-05
0.9700859785079956
0.08284369856119156
0.0012405874440446496
7.335514965234324e-05
0.0668976753950119
0.014394386671483517
0.002845949959009886
0.9132278561592102
0.0019731009379029274
0.012814173474907875
2.6651005100575276e-06
0.46631139516830444
5.058457827544771e-05
0.0040778592228889465
0.24538113176822662
0.3877442181110382
0.04501087963581085
0.00026318762684240937
0.9193995594978333
0.013086941093206406
0.00030428700847551227
0.029184114187955856
0.00721279950812459
0.0009352722554467618
0.32404619455337524
0.025907117873430252
0.21509084105491638
0.017163777723908424
0.0392262265086174
0.002104216953739524
0.7138086557388306
0.014674647711217403
2.572935215994221e-07
0.9018833041191101
0.000849783536978066
0.0016674528596922755
0.10218167304992676
0.009186916053295135
0.003909993916749954
0.7618262767791748
0.44998839497566223
2.0856077753705904e-06
5.303622288010956e-07
0.04726235941052437
0.5965773463249207
3.446256960160099e-05
0.186415433883667
0.7735418677330017
4.568932126858272e-06
3.2863160868146224e-06
4.332110279392509e-07
0.019980063661932945
0.24266217648983002
0.048773135989904404
0.0008952969219535589
0.0339108482003212
0.0014661798486486077
0.0029360807966440916
2.5126387299678754e-06
0.9715408086776733
0.9394744634628296
0.8956595063209534
0.34599244594573975
0.9347696900367737
0.13497960567474365
0.00025645055575296283
0.00289584300480783
0.013000951148569584
0.6713168025016785
0.16719019412994385
0.002657452831044793
2.3755592337693088e-05
0.0010529060382395983
0.003159489016979933
0.012598376721143723
0.0001670519559411332
0.8193175196647644
9.819056140258908e-05
5.288225111144129e-06
0.0001341016177320853
1.693050876383495e-06
0.00023086523287929595
0.603426992893219
0.00035955250496044755
0.6970276832580566
0.05185842886567116
0.3340737819671631
0.09360568225383759
0.1478404849767685
0.0032682509627193213
0.3609083294868469
0.361939936876297
0.9232656359672546
0.012094646692276001
0.05182640999555588
0.16526807844638824
9.678783499111887e-06
0.0007897523464635015
4.777294452651404e-05
0.004568364471197128
0.8006008863449097
0.21331901848316193
0.0003844958555418998
0.7949778437614441
2.0899857190670446e-05
0.0006481811287812889
0.005042834207415581
0.0003431434161029756
0.30569177865982056
0.0017419860232621431
0.01505708321928978
0.1361692249774933
0.45037001371383667
0.38309821486473083
0.0010520567884668708
4.8534297093283385e-05
0.03729350492358208
0.00010738417040556669
0.9481780529022217
0.4655674993991852
0.0006607156828977168
0.00406115734949708
0.015211526304483414
4.53027241746895e-05
0.08284740149974823
0.09698125720024109
0.023986851796507835
0.023285342380404472
0.1581842005252838
0.11218039691448212
0.35157647728919983
0.002586366143077612
0.0014588430058211088
0.0005538600962609053
0.15882350504398346
0.005439468659460545
0.40559840202331543
0.0005099032423458993
0.0013126581907272339
0.9440255165100098
0.011042183265089989
0.3105764389038086
0.000632722454611212
0.0014462802791967988
0.001333763124421239
0.4162864089012146
0.0013825097121298313
0.008860866539180279
2.0509860405582003e-05
0.0013906254898756742
0.0007720190333202481
0.8823758959770203
0.015540285035967827
5.077970854472369e-06
0.932081937789917
0.015262352302670479
9.601264173397794e-05
0.016092361882328987
0.00024346326244994998
0.009884563274681568
0.0022318686824291945
0.0656135156750679
0.2703852951526642
0.1881408840417862
0.09085605293512344
0.08139078319072723
0.024289732798933983
0.00011677761358441785
1.4686021359011647e-06
0.23823116719722748
0.04379384219646454
0.08816754072904587
0.8624368906021118
0.07243611663579941
0.00041235858225263655
0.4987879693508148
0.0230438020080328
6.750567263225093e-05
0.5147929787635803
9.274195326725021e-05
0.06419647485017776
0.040701087564229965
0.04379395768046379
0.5619796514511108
0.0025229440070688725
0.004978500306606293
0.4544605016708374
0.03680510073900223
0.2919388711452484
0.014365635812282562
8.728364264243282e-06
0.04480280354619026
0.0003873226814903319
0.7657657265663147
5.455154678202234e-06
0.028769273310899734
0.05930596590042114
0.0003167704271618277
2.1382498744060285e-05
0.06767754256725311
0.7077837586402893
0.35296064615249634
0.1458725780248642
0.0007381787290796638
0.1346602439880371
0.645618736743927
0.5942561626434326
3.948586527258158e-05
0.24172887206077576
0.01679406128823757
0.01580134965479374
0.01474483497440815
0.07906302064657211
0.5274683237075806
0.017586132511496544
0.9171087741851807
0.010882220230996609
7.207827366073616e-06
0.8626641035079956
0.002514648949727416
0.09882426261901855
0.005429375451058149
0.06430605053901672
0.00029926662682555616
0.3137965500354767
0.0992933139204979
0.029249167069792747
0.6935336589813232
0.7288488745689392
0.5553473830223083
0.6889857649803162
6.979234512982657e-06
0.05567767471075058
0.3386271893978119
0.970282793045044
0.012237569317221642
0.0005172662786208093
0.02078009396791458
0.0022452797275036573
0.15518690645694733
0.12406384944915771
0.0009369025938212872
0.012265000492334366
0.6462448239326477
0.112171471118927
0.7273232936859131
0.06365013867616653
0.014727015979588032
0.021897386759519577
0.3426530361175537
0.03601754456758499
0.003148754360154271
0.1699984222650528
0.001208412111736834
0.5534842014312744
0.14456968009471893
0.003184959525242448
0.5260654091835022
0.07624614983797073
0.0014403988607227802
5.706877709599212e-05
0.002858975902199745
0.06918582320213318
0.006580479443073273
0.018715588375926018
0.0012128286762163043
0.030435806140303612
0.11682811379432678
0.01530603040009737
0.04244258999824524
0.033594973385334015
0.1611567586660385
0.6022033095359802
6.411182312149322e-06
0.9928481578826904
0.016762062907218933
0.030932292342185974
0.4304891526699066
0.8074236512184143
0.3069814443588257
0.8315383791923523
0.02384357340633869
0.00029921927489340305
0.18773320317268372
0.003942801151424646
0.084325410425663
0.4915291666984558
0.0005715425359085202
0.006079351529479027
0.8424443602561951
0.2877497375011444
0.9345177412033081
0.00019303086446598172
0.012945582158863544
0.12685397267341614
0.8965073823928833
0.030772719532251358
0.004815598949790001
0.005311099346727133
0.3308793306350708
0.0024822873529046774
0.17739278078079224
0.0013945138780400157
0.005848072003573179
0.0033060198184102774
0.33530375361442566
0.00022786921181250364
0.0011525907320901752
0.006763790268450975
5.490918738360051e-06
0.0064799296669662
0.040748998522758484
0.0011529893381521106
0.3021446168422699
0.0036936127580702305
1.4654411643277854e-05
0.020193342119455338
0.00035814614966511726
0.37494444847106934
0.009818728081882
0.05087905004620552
0.9272100329399109
5.520207196241245e-05
0.0031388942152261734
0.0013405136996880174
4.1907122749762493e-07
0.009013823233544827
0.014402087777853012
4.6411241783061996e-05
0.016817163676023483
0.09529102593660355
0.08873685449361801
0.4490048289299011
8.980351412901655e-05
0.0028036520816385746
0.0003860151919070631
0.0063019092194736
1.1392765372875147e-05
0.43410524725914
0.09532943367958069
0.09287140518426895
0.0052053118124604225
0.6233323812484741
0.8685775995254517
0.118869349360466
0.09348390251398087
0.7891704440116882
0.007154305465519428
2.2759631974622607e-06
0.00015476335829589516
0.42949378490448
0.05396180599927902
0.009064155630767345
0.06540416181087494
2.7209758627577685e-05
0.0014674230478703976
0.0005211756215430796
0.012476837262511253
0.00013151597522664815
0.7127286791801453
0.11554083973169327
0.1277238428592682
0.0038945579435676336
2.9096532671246678e-05
0.7252897024154663
8.838539361022413e-05
0.03286090865731239
0.12180877476930618
0.3003917932510376
0.00010068422852782533
0.11641908437013626
5.551089270738885e-05
0.006250555627048016
8.8580469309818e-05
0.0002908271853812039
5.920636567680049e-07
9.834845826617311e-09
0.006738842930644751
0.1545560508966446
0.03889746963977814
0.9229164123535156
0.06829645484685898
0.06419097632169724
0.05646924301981926
0.00911467894911766
7.780660962453112e-05
0.3438085615634918
1.2250321560713928e-05
0.0019435338908806443
0.0008842907845973969
0.8771711587905884
0.04628455266356468
1.4335220839711837e-05
0.0032554268836975098
0.17011402547359467
0.0055419825948774815
0.01870524138212204
0.004053161479532719
0.8039676547050476
0.0019757975824177265
0.0010575413471087813
0.1320803165435791
0.0062213134951889515
0.004463976249098778
0.3183842599391937
0.0015430650673806667
0.007169393356889486
3.868673593387939e-05
0.025410311296582222
0.0019265890587121248
0.009645209647715092
0.08010822534561157
0.029244158416986465
0.09503359347581863
0.00026113155763596296
2.188346661569085e-05
3.028721494047204e-06
0.42534351348876953
0.017942022532224655
0.022390084341168404
0.00036764770629815757
0.04554540291428566
0.031637389212846756
0.006397022865712643
0.8527987003326416
0.0002656830765772611
0.8751325011253357
0.7944479584693909
0.3403720259666443
0.000866758986376226
0.026468072086572647
0.007953250780701637
0.00023891158343758434
0.151175394654274
0.42517149448394775
0.792614758014679
0.009362504817545414
0.04746874049305916
1.2119918210373726e-05
0.6987653374671936
0.009364096447825432
0.005520951468497515
0.47644203901290894
0.03428076207637787
0.004301668610423803
0.030692266300320625
0.04352172836661339
0.004115159623324871
0.00314797624014318
0.9160645008087158
0.759391725063324
3.2749892852734774e-05
0.0024720244109630585
0.00023329885152634233
0.0008893115445971489
0.004204982426017523
0.0034273995552212
0.7593135237693787
0.03520571067929268
0.25295013189315796
0.008593919686973095
0.3529144823551178
0.009922360070049763
0.4865978956222534
0.6038439273834229
0.010931067168712616
0.3226805329322815
0.00044754359987564385
0.010391809977591038
0.00032929517328739166
9.377355354445172e-07
0.2637479901313782
0.0015267572598531842
0.0038075947668403387
0.7928928136825562
0.9476292133331299
0.00767069635912776
0.004641182720661163
0.9132446646690369
0.4374600648880005
0.0808379054069519
0.09013228118419647
0.002915412886068225
8.559217349102255e-06
0.8513928651809692
0.7037248015403748
5.2340237743919715e-05
0.001424627611413598
0.001060589449480176
0.019548915326595306
0.9436063766479492
0.007274720352143049
0.0024782195687294006
0.973341703414917
0.0044161975383758545
0.18412819504737854
0.0003471792733762413
3.0920882636564784e-06
0.06184186041355133
0.07331272214651108
0.012197688221931458
0.03538857027888298
0.06861744076013565
0.013754171319305897
0.16275739669799805
0.9874616265296936
0.006651857867836952
0.0930890440940857
0.9041252732276917
0.004626363515853882
0.0004000235931016505
0.0017888314323499799
0.010102177038788795
0.06137339398264885
0.09237471222877502
1.0385685982328141e-06
0.5387760996818542
0.17801529169082642
0.1175292506814003
0.15341219305992126
0.013049475848674774
0.16229866445064545
0.03614630550146103
0.22713544964790344
0.05842597410082817
0.11813315749168396
0.0001144229099736549
0.00047365447971969843
0.9481862187385559
0.08042166382074356
0.0003625605022534728
0.14329683780670166
0.0043670982122421265
0.0004499146016314626
0.02115008421242237
0.004868089687079191
0.5872762203216553
0.00042432238114997745
0.0001683221198618412
0.01447539683431387
0.008707205764949322
0.20530405640602112
0.3278549909591675
0.005090442020446062
0.01444302499294281
0.05716957524418831
0.04777058959007263
0.17158333957195282
0.00012654201418627053
0.08260554820299149
0.6574662327766418
0.051615554839372635
0.7510421872138977
0.09996716678142548
0.023737968876957893
0.0027945213951170444
0.002955393632873893
0.0017767222598195076
0.3066386580467224
0.6192824244499207
1.673934093560092e-05
0.3636281490325928
0.005639183335006237
0.775317907333374
0.0014260121388360858
0.00028233323246240616
0.0027792342007160187
0.8780727386474609
0.0010367670329287648
0.004861344117671251
0.00011265646026004106
0.7138655185699463
0.00024445317103527486
0.10964138805866241
0.018078843131661415
0.9066464900970459
0.14079275727272034
0.738261342048645
0.009857496246695518
0.39661988615989685
0.005094065796583891
0.636987030506134
0.19805032014846802
0.039367325603961945
1.6884789147297852e-05
0.00010927116818493232
0.567546010017395
0.37622421979904175
0.021379031240940094
0.33116862177848816
7.272356924659107e-06
0.003987728152424097
0.004268347751349211
0.0010871124686673284
0.16299653053283691
0.041549477726221085
0.0013366090133786201
2.8111831852584146e-05
0.00017045406275428832
0.013164074160158634
0.06201350316405296
0.0008160033612512052
0.01318017765879631
0.0373234786093235
0.0020495348144322634
0.006475737784057856
0.8940244317054749
0.4700677990913391
0.042632486671209335
0.0009123824420385063
0.0033354912884533405
0.47758519649505615
0.048403386026620865
0.021447936072945595
0.062486980110406876
0.020903227850794792
0.2412034422159195
0.7550147771835327
0.04356617480516434
0.9423080086708069
0.04070652276277542
0.019590744748711586
0.03899281099438667
0.7750428915023804
0.5907483100891113
0.9277079701423645
0.00726670166477561
0.7509834170341492
0.7093294262886047
0.00022800351143814623
0.0038586664013564587
0.6854717135429382
0.1918356865644455
0.03491424396634102
0.9802036285400391
0.7010892033576965
0.03529324382543564
4.875557715422474e-05
0.9675131440162659
0.0004643416032195091
0.10247153788805008
4.215609806124121e-05
0.003646754426881671
0.0386241190135479
0.004041179548949003
0.002172245178371668
0.538609504699707
0.3747400939464569
0.5683908462524414
0.22128668427467346
0.05791020393371582
0.0010005506919696927
0.0007286719628609717
0.6818090081214905
0.0005616053240373731
0.014899511821568012
0.03966681659221649
0.10157234221696854
0.0001589861640240997
1.7352577970086713e-06
0.015234915539622307
0.0005571937654167414
0.06291472911834717
0.010455830954015255
0.33712372183799744
0.048879433423280716
0.002673012437298894
0.11837548762559891
0.22703666985034943
4.142821489949711e-05
0.2603083848953247
0.0030929676722735167
0.4520122706890106
0.05777575075626373
0.008109256625175476
0.8578895330429077
0.4296657145023346
0.10777315497398376
0.18558074533939362
0.3165362477302551
0.009620890021324158
0.01222942117601633
0.8895024657249451
0.019552260637283325
0.1703685075044632
0.3472175598144531
0.6605580449104309
0.01839413307607174
0.9119693636894226
0.7747579216957092
0.0004504235403146595
0.1132025495171547
0.010135390795767307
0.14268912374973297
0.0006832558428868651
0.05200798436999321
7.186059036712322e-08
0.0001415504520991817
4.7398843889823183e-05
3.889433355652727e-05
0.0020460248924791813
0.004008135758340359
0.023229556158185005
0.5959364175796509
0.0002872832119464874
0.016280507668852806
0.001118968822993338
0.0922219380736351
0.0007184147252701223
0.055549997836351395
0.3499682545661926
0.8722531199455261
0.09246862679719925
0.5496707558631897
0.03886125981807709
0.0001292507949983701
0.002150852931663394
0.837067723274231
0.012031183578073978
0.0007665692828595638
0.0396980382502079
0.8290775418281555
0.8392400741577148
0.0064172400161623955
0.0002002668916247785
0.0007522036321461201
0.00201706332154572
0.09208152443170547
0.0032513197511434555
0.000733891676645726
0.06964600831270218
0.27525079250335693
0.0005475695943459868
0.08235439658164978
0.0010275866370648146
1.7313369653493282e-06
0.639639139175415
1.0554791742833913e-06
0.28954774141311646
0.3636091351509094
0.06742141395807266
0.0025950996205210686
0.36227211356163025
0.0016281187999993563
0.12384461611509323
1.8212373106507584e-05
0.08259615302085876
0.001345836790278554
0.04155126214027405
0.05015245079994202
0.015611719340085983
0.3525785207748413
0.5916841626167297
0.0038134774658828974
0.4456847012042999
0.20056602358818054
0.008631066419184208
0.09734174609184265
0.001236497308127582
0.19823971390724182
0.027466434985399246
0.07150159031152725
0.7506809234619141
0.027073170989751816
0.5094419121742249
1.788868939911481e-05
0.6398976445198059
0.07959816604852676
0.00024369548191316426
0.006681982893496752
2.3195749236037955e-05
3.6036723031429574e-05
0.0018009216291829944
0.21834911406040192
0.15400630235671997
0.0012560035102069378
0.009009174071252346
0.27570876479148865
0.002945719985291362
0.02392537146806717
0.01224155817180872
0.4018322229385376
0.9898402690887451
8.259875698968244e-07
0.0055395918898284435
3.1891354979052267e-07
0.0018007383914664388
0.9768977165222168
0.03149811550974846
0.36358189582824707
0.0011943893041461706
0.06534227728843689
0.0370054617524147
0.03264389559626579
0.003375988220795989
0.000599161721765995
0.9531728029251099
0.3074840307235718
0.04506436362862587
0.013840076513588428
0.25891193747520447
0.0049017686396837234
0.04578762501478195
4.517985144047998e-05
3.594473673729226e-05
0.06855706870555878
0.9863374829292297
0.1419738382101059
0.03209100291132927
0.0753970593214035
0.00031865446362644434
0.31752845644950867
0.40154409408569336
0.0074569894932210445
0.013315828517079353
0.46905869245529175
0.0011583262821659446
0.0005142355803400278
0.0026703085750341415
0.6692796349525452
0.0033570616506040096
0.05620798468589783
0.06009470298886299
0.05175882950425148
0.04635436087846756
0.23754045367240906
0.29828861355781555
0.04871971532702446
0.28594067692756653
0.02255462110042572
0.35653409361839294
2.1725043097831076e-08
0.004782699514180422
0.0003759218961931765
0.19852331280708313
0.15124516189098358
0.4446517527103424
0.0009214261663146317
0.0004210433689877391
0.009968015365302563
0.00113707035779953
0.455340176820755
0.00023210076324176043
0.0010061676148325205
0.5097355842590332
0.009289706125855446
0.00041012634756043553
0.1139671579003334
0.5270124673843384
0.0002507259778212756
2.5592271413188428e-05
0.005985607393085957
0.08286262303590775
0.7023954391479492
1.6847152437549084e-05
0.6438866257667542
0.25782647728919983
0.03696473687887192
0.01669858768582344
0.9893288016319275
0.46743977069854736
0.00017521248082630336
0.0005476624937728047
0.025463929399847984
0.001681813271716237
0.1336269974708557
0.00016256999515462667
0.0015408260514959693
0.0038607418537139893
0.9768244624137878
0.009875579737126827
0.00337722385302186
0.2643306255340576
0.002716019516810775
0.42631053924560547
0.007627120241522789
0.006139378063380718
0.5094437003135681
0.03418806195259094
0.0008517801761627197
2.1203948108450277e-07
0.7590631246566772
0.2742868959903717
0.020091794431209564
0.10764382779598236
0.000571788870729506
0.005298875737935305
0.005741572938859463
3.9314704736170825e-06
0.3681083917617798
0.05635705590248108
0.0005852188332937658
0.00027970169321633875
0.0391802117228508
0.02058732509613037
0.04107354208827019
0.002380648860707879
0.0010862781200557947
0.2675655782222748
0.1315324753522873
0.17653603851795197
0.005405609495937824
0.009011873044073582
0.0010128567228093743
0.03270578011870384
0.13950905203819275
0.8842834234237671
0.08822674304246902
6.690810550935566e-05
0.08912156522274017
0.022118166089057922
0.0002892802585847676
0.9148988723754883
0.582310676574707
0.16079866886138916
0.00011352693400112912
0.7309285402297974
0.719254195690155
0.024940961971879005
0.06046784296631813
0.1793062537908554
0.04672735556960106
0.0009407220059074461
1.8790806279866956e-05
0.8471952676773071
0.5049650073051453
0.01536970678716898
0.021293342113494873
0.014443621970713139
0.8949166536331177
0.00243110372684896
0.0300194900482893
0.6711549758911133
0.38887035846710205
0.049258481711149216
0.0019360928563401103
0.003610969288274646
0.37982726097106934
0.04431425780057907
0.02976853772997856
0.4025341868400574
9.710020094644278e-07
0.010070687159895897
0.004188232123851776
0.0800912156701088
0.08586189895868301
0.09410302340984344
0.0001476544712204486
0.00144263228867203
3.694838596857153e-05
0.41034233570098877
0.01034916564822197
0.8935618996620178
0.0016594012267887592
0.00031923220376484096
0.011595727875828743
0.08017600327730179
0.000967795611359179
0.1661037653684616
0.7693564295768738
3.5686593037098646e-05
0.12440221011638641
0.15826739370822906
0.055804166942834854
0.0075231920927762985
0.0008468411397188902
0.004904890898615122
3.54022704414092e-05
0.0037555405870079994
6.519320595543832e-05
0.08107724785804749
0.804051399230957
0.0077622877433896065
1.3399119325185893e-06
0.039538636803627014
0.08718402683734894
0.00013177558139432222
0.04760786518454552
2.433201007079333e-05
0.3943054974079132
0.004006757866591215
0.3004733920097351
0.04237961396574974
0.0004483014636207372
0.014792459085583687
0.007683316245675087
0.0010885581141337752
1.0917020517808851e-05
0.0001487499539507553
0.7722010016441345
0.39624303579330444
3.571717024897225e-05
0.061479680240154266
0.3437526524066925
0.20452624559402466
0.3616876006126404
0.502946138381958
0.0403485968708992
0.00838546734303236
0.005430395249277353
0.9507346749305725
0.13613714277744293
0.8867142200469971
0.7072948217391968
0.007208367809653282
0.0033608190715312958
0.10916432738304138
0.009294448420405388
0.24273210763931274
0.2560323476791382
5.086339297122322e-05
0.4218243658542633
0.09962815046310425
0.007698359899222851
0.0005441709654405713
0.048491623252630234
0.00011735608131857589
0.0048594302497804165
0.012239343486726284
0.8036311864852905
0.0021515367552638054
0.00015752666513435543
0.006904867943376303
0.000664710474666208
0.01823139749467373
0.0010336406994611025
0.0002650601672939956
0.3681188225746155
0.29177963733673096
0.2619823217391968
2.295465674251318e-05
0.3190980553627014
0.04822789877653122
0.3739614486694336
0.019687490537762642
0.01094150636345148
0.0003373859217390418
0.0007359465816989541
0.0212613083422184
0.0044988300651311874
0.004218805581331253
0.012120872735977173
0.1852426826953888
2.9187523978180252e-05
0.006781483069062233
0.0001035356181091629
0.11311880499124527
0.9108617901802063
0.03030914068222046
0.0023989607580006123
0.251565545797348
0.3468300998210907
0.008925548754632473
0.018823731690645218
0.44746288657188416
0.00041689330828376114
0.006322936154901981
0.006569341290742159
0.9765056371688843
0.029261980205774307
0.00022220842947717756
0.11031843721866608
0.007364379242062569
0.13104844093322754
0.009444551542401314
0.8472809791564941
0.7028802037239075
0.00880067516118288
0.15629878640174866
0.03258149325847626
0.1268550306558609
0.7629496455192566
9.855152165982872e-05
0.9212316274642944
0.17490167915821075
0.5705433487892151
0.0006888644420541823
0.012655402533710003
0.7465789914131165
0.0898158848285675
0.002678320975974202
0.037130288779735565
0.01129285991191864
0.6492108702659607
0.6051225662231445
7.397781587314967e-07
0.026698363944888115
0.009607542306184769
0.8049886226654053
0.00021019270934630185
0.005291185341775417
4.21672775701154e-05
0.9074031114578247
0.06198061257600784
0.7269160151481628
0.9375501275062561
0.04266522824764252
1.733359385980293e-05
0.00041238844278268516
0.014931346289813519
0.00031014176784083247
0.009030398912727833
0.020002353936433792
0.0008695765864104033
1.2795385373465251e-06
0.03431272506713867
0.001789737492799759
0.07349038124084473
0.9718380570411682
0.0684460774064064
0.43197259306907654
0.7348462343215942
0.003117262851446867
0.00029302146867848933
0.09740938246250153
3.39760026690783e-06
0.5190750360488892
0.36963000893592834
0.00037746713496744633
0.06450407952070236
0.40780335664749146
0.5936629176139832
0.14676924049854279
0.1891651600599289
0.8216541409492493
0.023921119049191475
0.005660351365804672
0.005330208223313093
0.0862114280462265
0.09513592720031738
0.07741805166006088
0.8244802951812744
0.02390471287071705
0.3274638056755066
1.1086356607847847e-05
0.20116978883743286
0.2557225525379181
0.1012016013264656
0.0013375310227274895
0.014764646999537945
0.08400379866361618
0.2833947539329529
0.11360970884561539
5.0197933887830004e-05
1.665964737185277e-05
0.893073558807373
0.25526487827301025
0.3229953348636627
0.001899168360978365
0.016495460644364357
0.12904028594493866
0.5475949645042419
0.9512631893157959
0.0005097496905364096
7.97652974142693e-05
0.0001455928577343002
6.867664978926769e-07
0.09376204013824463
0.12881889939308167
0.02964944578707218
1.6538820091227535e-06
0.4637904763221741
0.12176420539617538
0.09325163811445236
0.2209821492433548
7.751378871034831e-05
0.08380734175443649
0.053560588508844376
0.003923130687326193
0.9231878519058228
0.002117849886417389
0.9126939177513123
0.0015498948050662875
0.008502008393406868
4.210536189930281e-06
0.4626052677631378
0.0007765101036056876
0.14359892904758453
0.019458914175629616
1.2575796972669195e-05
0.1967720091342926
0.000137833267217502
0.0003216480545233935
0.012599373236298561
0.11720746755599976
1.2898869499622378e-05
1.4866001762925407e-08
0.00020781175408046693
1.866261811755976e-08
0.17678016424179077
0.042511049658060074
0.003121322486549616
0.0032094381749629974
0.06065351516008377
0.27188077569007874
0.006992363836616278
0.003440630855038762
0.09487476199865341
0.0022633711341768503
0.012807733379304409
0.06088855117559433
0.03295256197452545
0.00030149120721034706
0.23784023523330688
0.3376411497592926
0.0024052385706454515
0.0003077694564126432
0.05470459163188934
3.4845133995986544e-06
0.14280757308006287
2.548407792346552e-06
0.14097756147384644
0.6902168989181519
0.8280522227287292
0.056956011801958084
4.2236530362060876e-07
0.00021998106967657804
0.005516355857253075
0.10575805604457855
0.00016460743790958077
8.316999446833506e-05
0.05901407450437546
0.01625490002334118
0.03858030214905739
0.05300511047244072
0.22778229415416718
0.02861909754574299
0.28845781087875366
0.008215468376874924
0.00029314833227545023
0.001313298474997282
0.10886651277542114
0.008344000205397606
6.67819267619052e-06
0.00011481506953714415
0.08606871217489243
0.07026873528957367
0.001963862217962742
0.7539610266685486
0.025832494720816612
0.01666584610939026
0.05741795524954796
0.6341907382011414
0.00021301646484062076
0.195206418633461
0.0507318340241909
0.00022798049030825496
0.13837723433971405
0.8958327174186707
0.8450499176979065
0.13093358278274536
0.002751080086454749
0.11826197803020477
0.10151005536317825
0.9895657300949097
0.08704349398612976
0.15359263122081757
0.06949550658464432
0.7749367952346802
0.0035513024777173996
1.1424294825701509e-05
0.0005520643899217248
9.927033715939615e-06
0.008391289971768856
1.4916786312824115e-05
0.435024231672287
0.21025191247463226
1.335997148999013e-05
8.294410508824512e-05
0.0011580074205994606
1.8521235688240267e-05
0.0006988231907598674
0.039902716875076294
0.11037320643663406
0.027331894263625145
0.0063047828152775764
0.9574105143547058
0.10476404428482056
0.22146371006965637
0.019554365426301956
0.0012717817444354296
0.0010865306248888373
0.00023290589160751551
0.10740441828966141
0.00045453011989593506
0.9977213740348816
0.0004261010035406798
0.004355246666818857
0.09555866569280624
0.0001673551887506619
0.6068242192268372
0.014717844314873219
5.458344821818173e-05
0.026242660358548164
0.1035856083035469
0.016464699059724808
3.9328930142801255e-05
9.761097317095846e-06
0.6454105973243713
0.16195431351661682
0.0008059635292738676
0.6010417938232422
8.303447248181328e-05
0.4415924549102783
0.011223421432077885
0.3650345802307129
0.004582414869219065
0.0002535273670218885
0.002756661269813776
0.003892309498041868
6.568180833710358e-05
0.16120795905590057
0.9757583141326904
0.37486881017684937
0.08466298133134842
0.002603736240416765
7.428815024468349e-06
0.058198075741529465
5.366115874494426e-05
1.4417453712667339e-05
0.017024550586938858
0.7397852540016174
9.504178160568699e-05
0.0001082081362255849
0.6313955783843994
0.6431581974029541
0.016620131209492683
0.5542214512825012
0.012502137571573257
0.006424510385841131
0.09346596151590347
0.00019006886577699333
0.0031583148520439863
0.20293892920017242
0.0002556571562308818
0.10241612046957016
0.972135066986084
0.005631167441606522
3.1986204703571275e-05
0.9226978421211243
0.00025343167362734675
0.054314833134412766
0.05980919301509857
0.017977530136704445
1.1632746463874355e-06
0.06578158587217331
0.006085019093006849
0.0003819119883701205
0.054968442767858505
0.04523984342813492
0.1357184499502182
0.0001972811296582222
9.79384367383318e-06
0.0017780927009880543
0.8550456166267395
0.020526129752397537
0.0049451738595962524
0.7702478766441345
0.000509932404384017
0.7574244141578674
0.33046120405197144
0.8780015707015991
0.07169226557016373
0.02292727306485176
0.206097811460495
0.3215770125389099
0.8644005656242371
0.8186857104301453
0.00019018126477021724
0.9776376485824585
3.85734201699961e-05
0.6671398282051086
0.19874556362628937
0.1169719398021698
0.0005745388916693628
0.021555442363023758
0.0020541551057249308
0.010991580784320831
0.10679802298545837
0.0010309912031516433
0.007517234422266483
0.07379069179296494
0.007297725882381201
0.8373837471008301
0.6649214625358582
0.0023775682784616947
0.0028604441322386265
3.13763308668058e-07
0.0005942094139754772
0.030661415308713913
0.003540347795933485
0.02471964806318283
0.8042030930519104
0.4492417275905609
0.11168801784515381
0.05134926736354828
3.039206967514474e-05
0.02241276390850544
0.29876431822776794
0.0005405523115769029
2.559066160756629e-05
0.055103849619627
0.2526887059211731
0.008459113538265228
0.0012153728166595101
0.003302216762676835
0.00032116699730977416
0.5903756618499756
0.00023023347603157163
0.0445612408220768
0.0020148472394794226
7.268557965289801e-05
0.5837581157684326
0.00016525978571735322
0.22236166894435883
0.0008772596484050155
0.8993126153945923
0.8929252624511719
0.049572061747312546
0.032328296452760696
5.849674198543653e-05
0.018927721306681633
0.00017259294691029936
1.054590211424511e-05
0.2894873321056366
0.00889569241553545
0.9026325345039368
0.27888476848602295
0.002072511473670602
0.005649652797728777
0.0005716809537261724
0.1551225334405899
0.04338885098695755
0.013117870315909386
0.07634273171424866
0.7679004073143005
0.0011747719254344702
0.46441298723220825
0.5861058235168457
0.3987821638584137
2.0163412045803852e-05
0.1689443141222
0.0561717189848423
0.04120268672704697
0.00494646979495883
0.2425871640443802
1.7335049051325768e-05
0.7042410969734192
0.000407363724661991
0.011155763640999794
0.3602064847946167
0.033480413258075714
0.0012588995741680264
0.4320923089981079
0.08564820885658264
0.0055115604773163795
0.008870822377502918
0.5494179129600525
0.0021246974356472492
0.0015549371019005775
0.00018567027291283011
0.021583640947937965
0.1517949253320694
0.11183854192495346
0.015825482085347176
0.4179975986480713
0.9201808571815491
0.4558153450489044
0.8521699905395508
0.7389384508132935
0.07245361059904099
0.1693475991487503
0.8642687201499939
0.08332677185535431
0.001431825221516192
0.06921567767858505
0.02876828797161579
0.7917271256446838
0.134383887052536
0.5463364124298096
0.026781929656863213
0.0749395489692688
0.26410073041915894
0.579245388507843
0.06733164191246033
0.0034736471716314554
2.5296727471868508e-05
0.055944230407476425
0.007502513471990824
0.008945200592279434
0.0012781218392774463
0.8071490526199341
0.10059460997581482
0.0258198045194149
0.7278602123260498
4.737010385724716e-05
0.01955641247332096
0.9961181879043579
0.38120394945144653
0.0008647602517157793
0.003118273802101612
0.00014161955914460123
0.13811001181602478
0.5287595391273499
0.0004521244845818728
2.7392045467422577e-06
0.01873418129980564
0.32112112641334534
0.00010519076022319496
4.570666533254553e-06
0.0049285003915429115
0.32710644602775574
0.0076202224008738995
0.053034789860248566
0.003916763234883547
0.4310899078845978
0.10884173214435577
0.01383163034915924
0.923037052154541
0.22562623023986816
0.0017487286822870374
4.615647776518017e-05
0.011275462806224823
0.39719802141189575
0.4835299253463745
0.0037928607780486345
0.08509574085474014
0.4949406683444977
0.008577927015721798
0.007385266479104757
0.60102379322052
0.03870529308915138
0.009722170419991016
0.013135709799826145
0.32752326130867004
0.009405500255525112
0.014745042659342289
2.0582750948960893e-05
0.002565426519140601
2.8563668820424937e-05
0.632505476474762
0.18377186357975006
0.0027411712799221277
0.0007762903696857393
0.06825871765613556
0.007582000456750393
0.018752772361040115
0.19040870666503906
4.8421679821331054e-05
0.001534256967715919
8.379443170269951e-05
9.701636736281216e-05
4.313404133426957e-06
0.18517561256885529
0.00010643018322298303
0.002548139076679945
0.028252899646759033
0.03058350458741188
0.9667737483978271
5.666098513756879e-05
0.605201005935669
0.008706958033144474
0.10064484179019928
0.004957197699695826
0.11485058814287186
0.0004037794133182615
0.13842430710792542
0.004161891993135214
0.00014681491302326322
0.08913403749465942
0.02806834876537323
0.025296159088611603
0.16562466323375702
0.041409410536289215
0.4291490912437439
0.10219427198171616
0.0026896349154412746
0.16536718606948853
0.009274806827306747
0.2804189920425415
0.7812034487724304
0.0034032335970550776
0.0737910196185112
0.9900396466255188
1.2975684512639418e-05
0.017246631905436516
0.000713834073394537
0.030540164560079575
0.0011978414840996265
0.45567604899406433
0.52386474609375
0.00045990783837623894
0.21760784089565277
0.012929663993418217
0.013555791229009628
0.023663600906729698
0.7414284944534302
0.0008461491670459509
0.0010530553990975022
0.010355849750339985
2.7742073143599555e-05
0.3540472686290741
0.07336392998695374
0.38883909583091736
0.13521116971969604
4.9932477850234136e-05
0.08633299171924591
0.031961895525455475
0.9790958166122437
0.34362658858299255
0.15837503969669342
0.0005521238781511784
0.8478493690490723
0.9165613651275635
0.00012591658742167056
0.6725693941116333
0.21330219507217407
0.6644907593727112
0.5578804612159729
0.6339757442474365
0.3634316325187683
0.00016447878442704678
0.7875867486000061
0.9206277132034302
0.21047304570674896
0.7729891538619995
0.06554064899682999
0.6736615896224976
0.031129486858844757
0.00010364210174884647
0.009448925033211708
0.030674880370497704
0.00011659180017886683
0.012333550490438938
0.5963960886001587
0.006769994739443064
0.3442743122577667
0.028346918523311615
0.019490091130137444
0.9275496602058411
0.2484915405511856
0.1449446678161621
0.004078444093465805
0.0024154153652489185
0.00040843928582035005
0.011396904475986958
0.040027931332588196
0.0006146866362541914
0.002771700732409954
3.959034074796364e-06
0.38217824697494507
0.0006492370739579201
0.004954074509441853
0.06243615597486496
0.006158173084259033
0.44787588715553284
0.005093795247375965
0.0008902483386918902
0.0006186797982081771
0.0006899432046338916
0.041859183460474014
0.008889036253094673
0.6698307991027832
0.21829982101917267
0.005461615510284901
0.9579833745956421
0.003982693422585726
2.1680354620912112e-05
0.0006956622819416225
0.07596056908369064
4.352069299784489e-05
0.001426983391866088
0.14281491935253143
1.420907756255474e-05
0.00173869205173105
0.00028313437360338867
4.560843535728054e-06
8.156221724675561e-07
0.6205379366874695
0.6870412826538086
0.010928964242339134
0.0063537065871059895
0.039068568497896194
0.4954223334789276
0.11517103016376495
0.12244618684053421
0.002626973669975996
0.005159938707947731
0.0006938937003724277
0.001977144507691264
0.6492918133735657
0.003944764379411936
0.9953731894493103
0.004019520245492458
0.4566335082054138
0.003335516434162855
0.2341538816690445
0.00041575627983547747
0.0009163987706415355
0.001484611420892179
0.019253330305218697
0.803806483745575
0.32641997933387756
0.0012831593630835414
4.152332621742971e-06
2.9280192393343896e-05
0.07848349213600159
5.865940124749613e-07
0.11264952272176743
0.0001210846021422185
0.35777491331100464
8.854795851220842e-06
0.12953370809555054
0.00818748027086258
0.019867993891239166
0.00010859721805900335
0.3113582730293274
0.11950570344924927
0.8632439970970154
0.029433397576212883
0.011493712663650513
0.770797073841095
0.012978769838809967
0.0770350843667984
0.005969389341771603
0.014648456126451492
0.0003202289517503232
0.18331754207611084
0.0001635311054997146
0.06659173965454102
0.019384248182177544
1.79706603375962e-05
0.614782452583313
0.014471928589046001
0.01767362281680107
4.765946505358443e-05
0.040371865034103394
0.011304151266813278
0.0018086566124111414
0.02808927185833454
0.0162900872528553
0.2579593360424042
1.4117984392214566e-05
0.012944168411195278
0.005663706921041012
0.20814552903175354
0.0007882043137215078
0.0007299188291653991
8.210819942178205e-05
0.0002860571548808366
0.4822668135166168
0.77155601978302
0.018132640048861504
8.69385912665166e-05
0.007056815084069967
0.13520805537700653
0.0070656947791576385
0.014742300845682621
3.7098206462360395e-07
0.00039199113962240517
0.016771622002124786
0.07603470236063004
0.1678566187620163
0.0028599274810403585
0.0004609028110280633
0.0032709110528230667
3.976849711762043e-06
0.013395753689110279
8.355396857950836e-06
0.6495025157928467
0.011952810920774937
0.0002322375657968223
0.0008269661338999867
0.0005723482463508844
0.8576365113258362
0.01724330149590969
0.024476101621985435
0.008236179128289223
0.0025347457267344
7.202264532679692e-05
0.0015875704120844603
0.004305599723011255
0.004327812232077122
0.0015179956099018455
0.8005075454711914
0.014631136320531368
0.017354272305965424
0.018413756042718887
0.006678850390017033
0.013349060900509357
5.060242983745411e-05
0.09367351979017258
0.0390484519302845
0.00706526031717658
0.034579865634441376
0.07890020310878754
0.05151443928480148
0.40786832571029663
0.11668235063552856
1.4060593684916967e-06
0.0472743846476078
0.0010237658862024546
0.49558308720588684
0.06648772954940796
0.730398416519165
5.497523716258002e-07
0.8754056692123413
0.0019220409449189901
0.007224670611321926
0.30528101325035095
0.28669992089271545
0.006493746303021908
0.17414958775043488
0.00039908202597871423
0.0033394054044038057
0.006054479628801346
0.9009193778038025
0.0027958827558904886
0.43133866786956787
0.02010907605290413
4.63247524749022e-05
0.08508483320474625
0.5389923453330994
9.384366421727464e-05
0.4730460047721863
0.006755453068763018
0.0015693651512265205
0.7801791429519653
0.9757777452468872
0.004898727405816317
0.9566649794578552
0.001053171930834651
0.136267751455307
0.010684282518923283
0.29228103160858154
0.03441203013062477
0.9672663807868958
0.007075041066855192
0.8255280256271362
0.4125957787036896
0.19695235788822174
0.0002454073983244598
0.00039839022792875767
6.361169653246179e-06
0.0006707124994136393
